Region,Industry,2017_c,2017_w,2018_c,2018_w,2019_c,2019_w,2020_c,2020_w,2021_c,2021_w,2022_c,2022_w,2019_diff_2018,2020_diff_2019,2021_diff_2020,2022_diff_2021,2023_predict
서울특별시 종로구,A,3,30,3,17,3,18,4,29,4,21,3,20,1,11,-8,-1,big_increase
서울특별시 종로구,B,5,19,3,9,4,9,3,8,3,64,3,85,0,-1,56,21,big_increase
서울특별시 종로구,C,2095,10080,2018,9992,1999,9958,1756,8418,1721,7834,1725,7983,-34,-1540,-584,149,small_increase
서울특별시 종로구,D,7,363,12,350,11,484,11,444,8,521,8,623,134,-40,77,102,big_increase
서울특별시 종로구,E,6,136,7,126,7,131,7,98,6,97,6,117,5,-33,-1,20,big_increase
서울특별시 종로구,F,226,30618,216,30169,234,23983,189,28036,200,22693,228,27128,-6186,4053,-5343,4435,small_decrease
서울특별시 종로구,G,7406,33168,6450,31258,6864,31311,6270,28934,6038,31152,5849,28553,53,-2377,2218,-2599,small_increase
서울특별시 종로구,H,500,5956,459,6316,466,6628,449,6825,428,6884,470,6458,312,197,59,-426,small_increase
서울특별시 종로구,I,4551,23441,4270,24201,4390,23327,3407,17191,3387,17559,3599,20258,-874,-6136,368,2699,small_decrease
서울특별시 종로구,J,669,18045,637,18005,563,15691,620,15711,685,15459,827,16150,-2314,20,-252,691,small_increase
서울특별시 종로구,K,479,19532,497,19193,524,23333,500,25076,528,23661,569,22763,4140,1743,-1415,-898,small_increase
서울특별시 종로구,L,774,6696,696,6431,787,6148,828,6052,642,6999,694,6520,-283,-96,947,-479,small_increase
서울특별시 종로구,M,1126,19942,1152,21371,1179,22160,1221,24606,1353,24843,1538,27591,789,2446,237,2748,small_increase
서울특별시 종로구,N,1025,18776,995,17902,1014,18873,926,17247,897,17960,950,18593,971,-1626,713,633,small_increase
서울특별시 종로구,P,606,10382,561,10440,547,10655,503,10260,490,9767,518,10092,215,-395,-493,325,small_increase
서울특별시 종로구,Q,684,15725,684,15631,692,17119,706,18429,672,18211,719,20994,1488,1310,-218,2783,small_increase
서울특별시 종로구,R,528,4456,507,4412,539,4276,439,3465,447,3166,470,3531,-136,-811,-299,365,small_increase
서울특별시 종로구,S,1246,6552,1168,5933,1209,6059,1095,4959,1018,5095,1101,6267,126,-1100,136,1172,small_decrease
서울특별시 중구,A,0,0,0,0,0,0,0,0,0,0,0,0,0,0,0,0,big_increase
서울특별시 중구,B,2,3,2,3,1,5,1,5,1,10,1,10,2,0,5,0,big_increase
서울특별시 중구,C,6149,25794,5662,24733,5579,24544,4174,18023,4161,17356,4083,17812,-189,-6521,-667,456,small_increase
서울특별시 중구,D,5,689,6,724,4,706,6,714,6,724,6,632,-18,8,10,-92,big_increase
서울특별시 중구,E,8,162,8,172,10,195,10,202,11,188,18,199,23,7,-14,11,big_increase
서울특별시 중구,F,313,5353,291,4776,300,7251,233,6246,275,7071,278,6795,2475,-1005,825,-276,small_increase
서울특별시 중구,G,15715,75981,15510,78070,15962,76355,10274,55401,9588,54012,9379,56036,-1715,-20954,-1389,2024,small_decrease
서울특별시 중구,H,864,12991,860,13087,817,12660,739,12982,762,12469,770,11510,-427,322,-513,-959,small_increase
서울특별시 중구,I,4537,29437,4448,30641,4756,32572,3491,23325,3621,23482,3635,25306,1931,-9247,157,1824,small_increase
서울특별시 중구,J,735,25124,744,24982,791,25809,771,25861,966,27393,1106,30336,827,52,1532,2943,small_increase
서울특별시 중구,K,1076,51190,1044,49909,1134,51363,1102,51082,1229,61980,1167,62405,1454,-281,10898,425,small_increase
서울특별시 중구,L,1031,8216,1042,8547,1155,8793,1157,8812,1031,8337,1050,7832,246,19,-475,-505,small_increase
서울특별시 중구,M,2047,35452,2086,35484,2136,35795,1965,36675,2131,39165,2106,39690,311,880,2490,525,small_increase
서울특별시 중구,N,1245,35906,1222,38366,1279,38197,1125,34314,1199,35712,1213,34521,-169,-3883,1398,-1191,small_decrease
서울특별시 중구,P,309,6959,328,7004,349,7299,335,7892,357,7953,362,8304,295,593,61,351,small_increase
서울특별시 중구,Q,696,9223,708,9873,731,10157,734,10581,736,11162,752,11072,284,424,581,-90,small_increase
서울특별시 중구,R,299,2237,312,2306,324,2374,221,2100,222,1944,236,1690,68,-274,-156,-254,small_increase
서울특별시 중구,S,1193,7286,1178,7205,1206,6991,970,5842,942,6136,927,6553,-214,-1149,294,417,small_decrease
서울특별시 용산구,A,0,0,0,0,0,0,2,15,3,7,1,1,0,15,-8,-6,big_increase
서울특별시 용산구,B,0,0,0,0,0,0,0,0,0,0,0,0,0,0,0,0,big_increase
서울특별시 용산구,C,569,2785,528,2608,487,2422,441,2226,335,1578,353,1782,-186,-196,-648,204,small_increase
서울특별시 용산구,D,3,10,3,42,2,4,2,22,1,28,2,14,-38,18,6,-14,big_increase
서울특별시 용산구,E,8,138,8,146,9,140,9,98,12,198,12,224,-6,-42,100,26,big_increase
서울특별시 용산구,F,277,6660,264,7403,269,7091,216,5965,227,5038,249,5148,-312,-1126,-927,110,small_increase
서울특별시 용산구,G,4005,23820,3891,27257,3934,28670,3610,27165,3617,27386,3475,27494,1413,-1505,221,108,small_increase
서울특별시 용산구,H,181,2729,177,2839,174,2919,155,2870,149,2697,152,2837,80,-49,-173,140,small_increase
서울특별시 용산구,I,2882,15974,2909,17079,3051,16183,2337,12407,2435,12826,2462,13944,-896,-3776,419,1118,small_decrease
서울특별시 용산구,J,408,9089,370,9254,356,9334,370,9314,422,9394,535,12723,80,-20,80,3329,small_increase
서울특별시 용산구,K,263,5839,241,5057,232,5068,223,4319,220,5346,244,6213,11,-749,1027,867,small_increase
서울특별시 용산구,L,501,3775,512,3574,571,3608,541,3039,447,2603,447,2391,34,-569,-436,-212,small_increase
서울특별시 용산구,M,602,17610,620,15225,656,15897,633,16319,668,17059,751,17090,672,422,740,31,small_increase
서울특별시 용산구,N,268,11739,282,10188,300,11207,267,11700,266,12465,276,9750,1019,493,765,-2715,small_increase
서울특별시 용산구,P,336,5482,321,5601,312,5145,307,5289,274,4654,304,5149,-456,144,-635,495,small_increase
서울특별시 용산구,Q,511,6136,534,6430,521,6945,515,7647,484,7005,526,7381,515,702,-642,376,small_increase
서울특별시 용산구,R,193,1328,193,1779,208,1542,161,1224,176,1552,175,2118,-237,-318,328,566,small_increase
서울특별시 용산구,S,748,4647,735,4934,717,4499,632,3750,591,3841,611,3818,-435,-749,91,-23,small_increase
서울특별시 성동구,A,1,2,1,3,2,5,2,9,4,12,4,12,2,4,3,0,big_increase
서울특별시 성동구,B,0,0,0,0,0,0,0,0,1,2,1,2,0,0,2,0,big_increase
서울특별시 성동구,C,3215,26338,3130,25406,2973,24480,2753,21620,3026,22890,3001,22517,-926,-2860,1270,-373,small_decrease
서울특별시 성동구,D,5,410,12,420,11,474,13,446,13,444,13,433,54,-28,-2,-11,big_increase
서울특별시 성동구,E,19,246,19,301,18,288,18,320,20,360,22,362,-13,32,40,2,big_increase
서울특별시 성동구,F,484,5791,484,5582,493,6146,431,6323,538,6180,530,7195,564,177,-143,1015,small_increase
서울특별시 성동구,G,4410,28938,4385,29320,4712,31357,4511,29158,4809,33097,4953,33940,2037,-2199,3939,843,small_increase
서울특별시 성동구,H,232,5800,252,6214,246,6229,217,5919,247,6605,262,5766,15,-310,686,-839,small_increase
서울특별시 성동구,I,2107,9309,2152,10004,2337,10673,1938,8365,2134,9389,2308,11161,669,-2308,1024,1772,small_decrease
서울특별시 성동구,J,658,8569,762,10582,805,11544,963,13526,1292,17930,1633,20727,962,1982,4404,2797,small_increase
서울특별시 성동구,K,253,3978,278,4295,279,3857,270,3722,269,4094,272,3713,-438,-135,372,-381,small_increase
서울특별시 성동구,L,657,4738,700,4754,755,4993,708,4224,837,4374,909,4736,239,-769,150,362,small_increase
서울특별시 성동구,M,1004,11476,1167,12938,1399,14856,1463,15863,1846,20516,2128,22363,1918,1007,4653,1847,small_increase
서울특별시 성동구,N,307,15413,323,18978,373,17528,370,17678,459,16321,478,15043,-1450,150,-1357,-1278,small_increase
서울특별시 성동구,P,512,8267,521,8111,562,8462,499,7633,508,6889,553,7886,351,-829,-744,997,small_increase
서울특별시 성동구,Q,718,8161,719,8314,735,9045,748,9255,751,9204,775,10042,731,210,-51,838,small_increase
서울특별시 성동구,R,234,1505,241,1496,283,1505,220,1508,251,1681,265,1710,9,3,173,29,small_increase
서울특별시 성동구,S,889,6161,870,6171,864,6412,759,5538,773,5546,809,5851,241,-874,8,305,small_decrease
서울특별시 광진구,A,1,3,1,3,0,0,0,0,1,2,3,4,-3,0,2,2,big_increase
서울특별시 광진구,B,0,0,0,0,0,0,0,0,0,0,0,0,0,0,0,0,big_increase
서울특별시 광진구,C,1203,6673,1129,6381,1077,6093,926,4978,912,4511,963,4973,-288,-1115,-467,462,small_decrease
서울특별시 광진구,D,2,3,2,68,2,7,1,1,3,11,2,8,-61,-6,10,-3,big_increase
서울특별시 광진구,E,11,147,11,150,11,146,10,147,12,149,13,192,-4,1,2,43,big_increase
서울특별시 광진구,F,602,12572,597,13453,621,13219,495,9399,521,12437,564,12744,-234,-3820,3038,307,small_decrease
서울특별시 광진구,G,2977,15582,2819,15215,3006,15981,2719,13990,2769,13715,2646,14052,766,-1991,-275,337,small_decrease
서울특별시 광진구,H,164,3776,168,3472,171,2911,141,2588,164,2597,167,2682,-561,-323,9,85,small_increase
서울특별시 광진구,I,2502,13240,2616,13821,2767,13707,2094,10634,2159,10298,2370,11671,-114,-3073,-336,1373,small_decrease
서울특별시 광진구,J,308,2700,281,2710,279,2224,284,2097,337,3301,462,3411,-486,-127,1204,110,small_increase
서울특별시 광진구,K,197,4557,203,4712,200,4105,181,2815,184,2770,197,2686,-607,-1290,-45,-84,small_increase
서울특별시 광진구,L,472,2393,488,2807,541,3136,535,2708,592,2955,601,2609,329,-428,247,-346,small_increase
서울특별시 광진구,M,542,3754,594,4490,612,4752,605,4496,723,5329,779,6237,262,-256,833,908,small_increase
서울특별시 광진구,N,318,9848,320,10054,370,9635,326,11525,355,8692,360,9292,-419,1890,-2833,600,small_increase
서울특별시 광진구,P,641,11212,630,11057,677,11161,639,10220,606,11185,625,10065,104,-941,965,-1120,small_decrease
서울특별시 광진구,Q,869,10056,875,10963,885,10898,896,11084,889,11464,930,11951,-65,186,380,487,small_increase
서울특별시 광진구,R,373,2889,390,3050,397,3377,278,2342,261,2223,300,2474,327,-1035,-119,251,small_increase
서울특별시 광진구,S,872,3621,851,3625,896,3941,743,3272,732,2872,760,2961,316,-669,-400,89,small_increase
서울특별시 동대문구,A,0,0,0,0,0,0,0,0,1,2,2,7,0,0,2,5,big_increase
서울특별시 동대문구,B,1,1,1,1,2,4,1,1,0,0,0,0,3,-3,-1,0,big_increase
서울특별시 동대문구,C,2263,12461,2145,11968,2008,11334,1852,10059,1695,9214,1771,9293,-634,-1275,-845,79,small_increase
서울특별시 동대문구,D,1,3,1,2,2,3,1,1,0,0,0,0,1,-2,-1,0,big_increase
서울특별시 동대문구,E,10,128,10,131,12,122,12,178,10,229,11,228,-9,56,51,-1,big_increase
서울특별시 동대문구,F,549,5972,545,5572,572,5601,408,4367,442,3791,462,4102,29,-1234,-576,311,small_decrease
서울특별시 동대문구,G,4811,23322,4456,23026,4719,23368,4174,20897,3965,20003,4106,20075,342,-2471,-894,72,small_increase
서울특별시 동대문구,H,192,3468,192,3132,185,3170,156,2396,164,2534,157,2551,38,-774,138,17,small_increase
서울특별시 동대문구,I,2505,10499,2395,10745,2662,11161,1864,7405,1901,7689,2028,8745,416,-3756,284,1056,small_decrease
서울특별시 동대문구,J,180,1484,168,1711,154,1525,168,1536,197,1561,235,1626,-186,11,25,65,big_increase
서울특별시 동대문구,K,261,4969,252,4287,235,3979,218,3902,234,3915,236,4302,-308,-77,13,387,small_increase
서울특별시 동대문구,L,574,3754,568,3705,610,3540,625,3385,584,3460,580,3325,-165,-155,75,-135,small_increase
서울특별시 동대문구,M,447,6822,472,6496,489,6747,468,7169,558,7092,600,6167,251,422,-77,-925,small_increase
서울특별시 동대문구,N,305,8938,293,8496,330,8430,285,10606,288,7662,306,7910,-66,2176,-2944,248,small_increase
서울특별시 동대문구,P,566,10930,567,11825,609,12294,515,10776,511,10996,542,12053,469,-1518,220,1057,small_decrease
서울특별시 동대문구,Q,974,14009,978,13774,1008,14376,980,15606,968,16256,1020,17205,602,1230,650,949,small_increase
서울특별시 동대문구,R,305,1797,329,1884,322,1733,223,1397,217,1406,257,1723,-151,-336,9,317,small_increase
서울특별시 동대문구,S,836,3275,839,3374,875,3289,749,2650,671,2337,739,2616,-85,-639,-313,279,small_increase
서울특별시 중랑구,A,0,0,0,0,0,0,0,0,0,0,0,0,0,0,0,0,big_increase
서울특별시 중랑구,B,1,3,1,3,0,0,0,0,2,5,2,4,-3,0,5,-1,big_increase
서울특별시 중랑구,C,2525,14670,2391,13780,2224,12834,1953,10792,2021,10722,2108,11476,-946,-2042,-70,754,small_decrease
서울특별시 중랑구,D,5,122,5,108,4,116,4,172,3,104,3,101,8,56,-68,-3,big_increase
서울특별시 중랑구,E,13,201,16,215,13,195,15,188,12,135,19,155,-20,-7,-53,20,big_increase
서울특별시 중랑구,F,734,5257,736,5781,811,6231,498,4910,573,5367,622,5494,450,-1321,457,127,small_decrease
서울특별시 중랑구,G,2253,11888,2110,11757,2217,11533,1910,9869,1924,9947,1987,10467,-224,-1664,78,520,small_decrease
서울특별시 중랑구,H,210,7264,222,6760,227,6165,183,5313,181,5079,164,4880,-595,-852,-234,-199,small_increase
서울특별시 중랑구,I,1843,7619,1742,7670,1909,8043,1328,5612,1487,6165,1628,7009,373,-2431,553,844,small_decrease
서울특별시 중랑구,J,91,874,94,813,99,644,112,823,147,908,165,1039,-169,179,85,131,big_increase
서울특별시 중랑구,K,128,1689,136,1772,135,1717,128,1695,123,1582,131,1588,-55,-22,-113,6,big_increase
서울특별시 중랑구,L,383,1974,393,2120,466,2310,428,1917,440,2063,421,1723,190,-393,146,-340,small_increase
서울특별시 중랑구,M,237,1537,242,1552,261,1586,267,1262,300,1668,318,1866,34,-324,406,198,small_increase
서울특별시 중랑구,N,212,2706,212,2616,273,2997,212,2579,221,3643,246,3958,381,-418,1064,315,small_increase
서울특별시 중랑구,P,477,4557,450,4594,459,4662,421,3968,430,3953,445,3965,68,-694,-15,12,small_increase
서울특별시 중랑구,Q,950,11346,960,11800,994,12746,1013,13613,1018,13935,1051,15163,946,867,322,1228,small_increase
서울특별시 중랑구,R,295,1575,313,1688,334,1748,235,1290,233,1374,250,1397,60,-458,84,23,small_increase
서울특별시 중랑구,S,866,2916,879,3048,913,2959,781,2313,731,2323,745,2331,-89,-646,10,8,small_increase
서울특별시 성북구,A,0,0,0,0,0,0,0,0,0,0,0,0,0,0,0,0,big_increase
서울특별시 성북구,B,0,0,0,0,0,0,0,0,0,0,0,0,0,0,0,0,big_increase
서울특별시 성북구,C,1491,7794,1363,6901,1318,6631,1176,6071,1175,5511,1267,5780,-270,-560,-560,269,small_increase
서울특별시 성북구,D,4,10,4,9,2,6,1,1,3,5,2,6,-3,-5,4,1,big_increase
서울특별시 성북구,E,7,171,7,172,9,164,10,218,13,225,14,253,-8,54,7,28,big_increase
서울특별시 성북구,F,376,3560,361,3706,401,3858,284,3432,315,3101,352,4750,152,-426,-331,1649,small_decrease
서울특별시 성북구,G,2162,11806,2014,11600,2145,11451,1889,9913,1885,10211,1894,10026,-149,-1538,298,-185,small_decrease
서울특별시 성북구,H,106,3290,103,3078,103,2668,91,2521,86,2279,88,2338,-410,-147,-242,59,small_increase
서울특별시 성북구,I,2171,9462,2145,10011,2339,10320,1718,7237,1838,8053,1972,8701,309,-3083,816,648,small_decrease
서울특별시 성북구,J,161,1452,162,1598,172,1623,180,1784,250,2015,267,1821,25,161,231,-194,small_increase
서울특별시 성북구,K,135,1582,128,1493,129,1559,120,1386,126,1465,129,1477,66,-173,79,12,small_increase
서울특별시 성북구,L,374,1870,370,1859,425,2968,430,1941,436,1914,430,1791,1109,-1027,-27,-123,small_increase
서울특별시 성북구,M,324,3812,335,4174,350,5243,332,4772,409,6140,443,6348,1069,-471,1368,208,small_increase
서울특별시 성북구,N,161,5476,162,5148,192,5941,163,5634,183,5479,197,4820,793,-307,-155,-659,small_increase
서울특별시 성북구,P,749,15848,737,16366,737,17006,680,16616,660,16107,691,16154,640,-390,-509,47,small_increase
서울특별시 성북구,Q,1024,12205,995,12475,999,12927,1005,15200,978,15449,1031,16735,452,2273,249,1286,small_increase
서울특별시 성북구,R,294,1536,317,1716,340,1766,252,1255,259,1432,268,1484,50,-511,177,52,small_increase
서울특별시 성북구,S,996,3990,939,3725,935,3663,800,2826,782,3010,834,3228,-62,-837,184,218,small_increase
서울특별시 강북구,A,0,0,0,0,0,0,0,0,0,0,1,2,0,0,0,2,big_increase
서울특별시 강북구,B,0,0,0,0,0,0,0,0,0,0,0,0,0,0,0,0,big_increase
서울특별시 강북구,C,964,5802,902,5133,892,5037,753,4048,810,4093,795,4041,-96,-989,45,-52,small_increase
서울특별시 강북구,D,1,80,1,83,2,83,1,83,1,83,1,85,0,0,0,2,big_increase
서울특별시 강북구,E,7,163,6,174,6,172,8,203,11,146,10,199,-2,31,-57,53,big_increase
서울특별시 강북구,F,265,1765,269,1835,288,1912,215,1585,267,2220,266,1943,77,-327,635,-277,small_increase
서울특별시 강북구,G,1512,7752,1411,7588,1622,7928,1363,6158,1456,6606,1483,6592,340,-1770,448,-14,small_decrease
서울특별시 강북구,H,99,3627,102,3409,94,3196,78,3105,95,2945,96,3231,-213,-91,-160,286,small_increase
서울특별시 강북구,I,1761,7825,1609,7578,1849,8327,1285,5747,1388,6173,1461,7082,749,-2580,426,909,small_decrease
서울특별시 강북구,J,67,643,69,611,82,686,77,488,92,580,111,647,75,-198,92,67,big_increase
서울특별시 강북구,K,222,3996,233,4137,236,4110,204,3696,194,4075,188,3791,-27,-414,379,-284,small_increase
서울특별시 강북구,L,286,1439,266,1392,293,1294,259,1144,297,1254,300,1232,-98,-150,110,-22,small_increase
서울특별시 강북구,M,206,1044,217,1102,221,1144,218,1060,257,1311,266,1276,42,-84,251,-35,small_increase
서울특별시 강북구,N,146,3231,134,3338,153,3660,131,3424,162,3036,146,3594,322,-236,-388,558,small_increase
서울특별시 강북구,P,339,3362,319,3332,354,3585,310,3197,304,3464,322,3606,253,-388,267,142,small_increase
서울특별시 강북구,Q,794,7850,794,8443,798,9237,799,9698,807,10246,829,10537,794,461,548,291,small_increase
서울특별시 강북구,R,262,1438,273,1476,286,1580,171,1003,183,1122,198,1392,104,-577,119,270,small_increase
서울특별시 강북구,S,743,2806,721,2707,736,2702,603,2126,582,2112,606,2072,-5,-576,-14,-40,small_increase
서울특별시 도봉구,A,1,2,1,3,1,1,0,0,0,0,1,3,-2,-1,0,3,big_increase
서울특별시 도봉구,B,0,0,0,0,1,1,0,0,0,0,0,0,1,-1,0,0,big_increase
서울특별시 도봉구,C,695,3967,652,3607,599,3265,524,2764,465,2246,498,2414,-342,-501,-518,168,small_increase
서울특별시 도봉구,D,0,0,0,0,3,21,3,25,2,30,1,7,21,4,5,-23,big_increase
서울특별시 도봉구,E,10,139,10,133,9,124,9,77,11,164,11,154,-9,-47,87,-10,big_increase
서울특별시 도봉구,F,337,2918,347,3193,354,3380,244,2893,275,2737,254,2043,187,-487,-156,-694,small_increase
서울특별시 도봉구,G,1531,8254,1460,8308,1519,8364,1232,6268,1264,6600,1244,6645,56,-2096,332,45,small_decrease
서울특별시 도봉구,H,98,5135,99,5029,92,4152,70,3630,82,3699,77,3690,-877,-522,69,-9,small_increase
서울특별시 도봉구,I,1282,5334,1214,5578,1346,6035,931,4150,1082,4542,1015,4431,457,-1885,392,-111,small_decrease
서울특별시 도봉구,J,60,357,58,404,54,377,50,270,69,436,81,483,-27,-107,166,47,big_increase
서울특별시 도봉구,K,117,1299,117,1264,101,1089,95,1004,103,1098,106,1153,-175,-85,94,55,big_increase
서울특별시 도봉구,L,327,2060,330,2211,369,2243,303,2446,327,2797,309,2662,32,203,351,-135,small_increase
서울특별시 도봉구,M,255,1703,259,1676,257,1665,226,1441,280,1832,294,1813,-11,-224,391,-19,small_increase
서울특별시 도봉구,N,119,1289,121,1768,134,1975,123,1782,145,2073,147,3152,207,-193,291,1079,small_increase
서울특별시 도봉구,P,526,4277,515,4333,495,4048,389,3629,350,3240,389,3381,-285,-419,-389,141,small_increase
서울특별시 도봉구,Q,829,9484,815,11448,804,11334,782,11523,758,11666,811,12357,-114,189,143,691,small_increase
서울특별시 도봉구,R,254,1412,267,1446,269,1320,153,776,155,863,160,870,-126,-544,87,7,small_increase
서울특별시 도봉구,S,736,2815,724,2801,734,2897,596,2474,548,2281,582,2337,96,-423,-193,56,small_increase
서울특별시 노원구,A,1,2,1,1,1,1,1,2,2,16,2,3,0,1,14,-13,big_increase
서울특별시 노원구,B,0,0,0,0,0,0,0,0,0,0,0,0,0,0,0,0,big_increase
서울특별시 노원구,C,507,3551,497,3216,484,3094,417,2701,437,2632,447,2592,-122,-393,-69,-40,small_increase
서울특별시 노원구,D,4,214,5,310,5,285,5,296,5,275,5,292,-25,11,-21,17,big_increase
서울특별시 노원구,E,12,160,10,212,17,232,13,178,14,142,16,145,20,-54,-36,3,big_increase
서울특별시 노원구,F,324,2120,337,2219,352,2247,296,2566,332,3159,345,2527,28,319,593,-632,small_increase
서울특별시 노원구,G,2538,12351,2442,12520,2586,12528,2061,9915,2033,10206,2029,10113,8,-2613,291,-93,small_decrease
서울특별시 노원구,H,129,6309,132,6175,146,5602,118,4964,126,5136,124,4934,-573,-638,172,-202,small_increase
서울특별시 노원구,I,2245,11434,2175,11468,2346,11738,1851,8850,1950,9752,1975,10091,270,-2888,902,339,small_decrease
서울특별시 노원구,J,124,922,103,824,114,730,125,691,138,872,186,944,-94,-39,181,72,big_increase
서울특별시 노원구,K,222,4294,212,4229,212,3770,191,3390,198,3786,203,3272,-459,-380,396,-514,small_increase
서울특별시 노원구,L,589,3853,583,3512,592,3726,577,3361,548,2996,541,3081,214,-365,-365,85,small_increase
서울특별시 노원구,M,311,2217,309,3115,337,2649,319,2359,333,2557,355,2603,-466,-290,198,46,small_increase
서울특별시 노원구,N,210,4990,203,4467,212,4890,171,4474,201,6948,214,5456,423,-416,2474,-1492,small_increase
서울특별시 노원구,P,1135,14132,1056,14009,1088,13212,876,12081,861,12306,886,12505,-797,-1131,225,199,small_decrease
서울특별시 노원구,Q,1435,17905,1419,18215,1410,19111,1375,19101,1389,20154,1419,21909,896,-10,1053,1755,small_increase
서울특별시 노원구,R,385,2054,387,2188,462,2251,291,1522,303,1750,311,1831,63,-729,228,81,small_increase
서울특별시 노원구,S,953,3589,922,3545,963,3433,826,2836,760,2818,830,3238,-112,-597,-18,420,small_increase
서울특별시 은평구,A,0,0,0,0,0,0,0,0,0,0,1,1,0,0,0,1,big_increase
서울특별시 은평구,B,0,0,0,0,0,0,0,0,0,0,0,0,0,0,0,0,big_increase
서울특별시 은평구,C,441,2565,406,2383,455,2409,358,1872,399,2030,431,2157,26,-537,158,127,small_increase
서울특별시 은평구,D,5,159,5,158,4,162,4,160,4,157,2,147,4,-2,-3,-10,big_increase
서울특별시 은평구,E,11,204,13,253,11,237,12,270,12,259,11,262,-16,33,-11,3,big_increase
서울특별시 은평구,F,419,3819,394,3768,432,4000,340,4189,423,4927,442,4174,232,189,738,-753,small_increase
서울특별시 은평구,G,2214,11994,2103,11692,2212,11995,1840,9497,1919,10013,1898,9514,303,-2498,516,-499,small_decrease
서울특별시 은평구,H,107,3596,101,3780,114,3747,93,3860,103,4193,98,3649,-33,113,333,-544,small_increase
서울특별시 은평구,I,1989,8704,1970,9076,2213,10001,1641,7244,1754,7754,1876,8443,925,-2757,510,689,small_decrease
서울특별시 은평구,J,98,969,102,851,100,948,109,1162,137,856,184,1064,97,214,-306,208,big_increase
서울특별시 은평구,K,152,2419,151,2343,142,2016,138,1925,137,2075,136,1942,-327,-91,150,-133,small_increase
서울특별시 은평구,L,499,2290,488,2187,536,2284,467,2018,535,2387,532,2125,97,-266,369,-262,small_increase
서울특별시 은평구,M,232,1798,245,2020,266,2276,251,2202,322,2645,336,2665,256,-74,443,20,small_increase
서울특별시 은평구,N,141,1657,149,1638,159,1545,137,1406,181,2011,177,1764,-93,-139,605,-247,small_increase
서울특별시 은평구,P,724,6089,721,6130,735,6328,652,5941,663,6010,668,5782,198,-387,69,-228,small_increase
서울특별시 은평구,Q,1125,12338,1144,13068,1158,15538,1157,15987,1199,17295,1224,18392,2470,449,1308,1097,small_increase
서울특별시 은평구,R,309,1600,297,1654,330,1902,215,1377,240,1356,269,1515,248,-525,-21,159,small_increase
서울특별시 은평구,S,926,3413,917,3414,1022,3524,831,2922,803,3028,788,2803,110,-602,106,-225,small_increase
서울특별시 서대문구,A,1,1,1,3,1,1,0,0,0,0,0,0,-2,-1,0,0,big_increase
서울특별시 서대문구,B,0,0,0,0,0,0,0,0,0,0,0,0,0,0,0,0,big_increase
서울특별시 서대문구,C,389,2230,338,2029,349,2108,324,1848,284,1531,300,1560,79,-260,-317,29,small_increase
서울특별시 서대문구,D,2,51,4,69,3,52,2,51,2,49,1,46,-17,-1,-2,-3,big_increase
서울특별시 서대문구,E,11,181,9,182,9,188,10,203,6,144,9,205,6,15,-59,61,big_increase
서울특별시 서대문구,F,350,4402,323,3653,337,3851,237,3227,214,3432,246,4797,198,-624,205,1365,small_decrease
서울특별시 서대문구,G,1754,11578,1628,11028,1782,10594,1561,9383,1461,9659,1423,8808,-434,-1211,276,-851,small_decrease
서울특별시 서대문구,H,128,3428,131,3133,135,2701,118,2404,119,2252,102,2107,-432,-297,-152,-145,small_increase
서울특별시 서대문구,I,2363,11204,2224,11428,2412,11513,1789,8368,1853,8665,1890,9272,85,-3145,297,607,small_decrease
서울특별시 서대문구,J,257,2549,253,2447,291,3058,312,2879,327,3343,426,3754,611,-179,464,411,small_increase
서울특별시 서대문구,K,195,4778,166,4052,171,5557,165,3670,160,3679,160,3510,1505,-1887,9,-169,small_increase
서울특별시 서대문구,L,405,1926,393,1918,438,2032,409,1953,340,1589,344,1464,114,-79,-364,-125,small_increase
서울특별시 서대문구,M,380,5692,390,5870,428,6349,415,6401,459,7037,529,8150,479,52,636,1113,small_increase
서울특별시 서대문구,N,301,6831,299,6549,306,6428,250,5161,231,5510,255,5291,-121,-1267,349,-219,small_decrease
서울특별시 서대문구,P,641,16685,597,16319,613,18143,560,17674,516,16238,556,17483,1824,-469,-1436,1245,small_increase
서울특별시 서대문구,Q,723,14348,720,15065,721,16189,733,15389,723,14321,764,15911,1124,-800,-1068,1590,small_increase
서울특별시 서대문구,R,271,1338,259,1384,280,1374,209,979,206,1048,221,1201,-10,-395,69,153,small_increase
서울특별시 서대문구,S,879,3485,834,3383,859,3279,757,3046,684,2986,738,3302,-104,-233,-60,316,small_increase
서울특별시 마포구,A,0,0,1,1,0,0,1,1,0,0,2,4,-1,1,-1,4,big_increase
서울특별시 마포구,B,0,0,0,0,0,0,0,0,1,6,0,0,0,0,6,-6,big_increase
서울특별시 마포구,C,797,4409,806,4689,772,4616,656,3888,694,4059,702,3734,-73,-728,171,-325,small_increase
서울특별시 마포구,D,8,425,11,464,10,484,10,474,9,448,9,500,20,-10,-26,52,big_increase
서울특별시 마포구,E,11,210,13,250,15,253,19,268,22,294,24,318,3,15,26,24,big_increase
서울특별시 마포구,F,858,15784,790,14433,771,13410,687,15003,757,16114,732,15652,-1023,1593,1111,-462,small_increase
서울특별시 마포구,G,4637,30246,4546,31328,4757,31291,4402,28772,4343,30285,4219,30128,-37,-2519,1513,-157,small_decrease
서울특별시 마포구,H,697,9628,680,10066,657,8610,639,8709,687,8417,665,7968,-1456,99,-292,-449,small_increase
서울특별시 마포구,I,5375,24938,5386,27124,5616,25506,4132,18767,4178,19336,4435,21283,-1618,-6739,569,1947,small_decrease
서울특별시 마포구,J,1973,34695,1923,37674,1827,36724,1946,39334,2476,46847,2863,48948,-950,2610,7513,2101,small_increase
서울특별시 마포구,K,457,11280,459,10705,450,10015,456,10014,510,11533,532,10055,-690,-1,1519,-1478,small_increase
서울특별시 마포구,L,861,4586,938,4849,1006,4790,993,4316,864,4810,908,4920,-59,-474,494,110,small_increase
서울특별시 마포구,M,1885,18927,1989,19728,2003,19636,2073,20229,2397,22399,2416,22185,-92,593,2170,-214,small_increase
서울특별시 마포구,N,878,36149,872,34220,889,35099,823,30572,909,31440,892,30644,879,-4527,868,-796,small_increase
서울특별시 마포구,P,1005,12365,1026,12426,1087,11872,1009,11215,938,12302,979,11875,-554,-657,1087,-427,small_increase
서울특별시 마포구,Q,1115,10338,1105,10614,1151,11096,1145,11783,1148,12207,1178,12771,482,687,424,564,small_increase
서울특별시 마포구,R,552,3405,601,3958,578,3644,466,2424,481,2713,497,2771,-314,-1220,289,58,small_decrease
서울특별시 마포구,S,1412,7387,1425,7783,1404,7825,1120,7235,1117,6948,1153,7211,42,-590,-287,263,small_increase
서울특별시 양천구,A,0,0,0,0,0,0,1,26,1,2,0,0,0,26,-24,-2,big_increase
서울특별시 양천구,B,0,0,0,0,0,0,0,0,0,0,0,0,0,0,0,0,big_increase
서울특별시 양천구,C,716,4579,672,4235,626,3863,555,3363,596,3301,616,3316,-372,-500,-62,15,small_increase
서울특별시 양천구,D,2,270,2,266,2,268,2,266,2,282,3,289,2,-2,16,7,big_increase
서울특별시 양천구,E,18,304,17,301,18,306,20,387,19,322,19,324,5,81,-65,2,big_increase
서울특별시 양천구,F,725,9598,711,10290,708,8974,462,8251,555,8409,584,8237,-1316,-723,158,-172,small_increase
서울특별시 양천구,G,2795,13910,2589,14119,2724,14187,2224,11721,2379,12652,2584,12958,68,-2466,931,306,small_decrease
서울특별시 양천구,H,342,8376,350,8094,356,7624,331,5944,354,6926,370,5730,-470,-1680,982,-1196,small_decrease
서울특별시 양천구,I,1984,9207,1935,9599,2070,10096,1531,7543,1680,8399,1804,9152,497,-2553,856,753,small_decrease
서울특별시 양천구,J,224,4665,214,4774,212,4593,204,4514,258,5161,318,4575,-181,-79,647,-586,small_increase
서울특별시 양천구,K,189,2466,184,2522,177,2223,167,2102,167,2446,178,2715,-299,-121,344,269,small_increase
서울특별시 양천구,L,526,2835,491,2737,568,2865,532,2766,552,2835,569,2629,128,-99,69,-206,small_increase
서울특별시 양천구,M,543,2743,556,2867,550,2866,530,2919,605,3079,582,2678,-1,53,160,-401,small_increase
서울특별시 양천구,N,242,4648,246,5245,260,4679,222,4327,278,4792,268,5820,-566,-352,465,1028,small_decrease
서울특별시 양천구,P,1289,9590,1184,9456,1226,9846,1141,8686,1090,8900,1170,9816,390,-1160,214,916,small_increase
서울특별시 양천구,Q,1166,12939,1156,14016,1181,15245,1151,15592,1157,16238,1203,17489,1229,347,646,1251,small_increase
서울특별시 양천구,R,412,2385,406,2364,449,2575,272,1557,286,1812,318,1933,211,-1018,255,121,small_decrease
서울특별시 양천구,S,1027,4197,1017,4300,1016,4219,851,3655,809,3888,842,3731,-81,-564,233,-157,small_increase
서울특별시 강서구,A,0,0,0,0,0,0,0,0,2,8,3,9,0,0,8,1,big_increase
서울특별시 강서구,B,0,0,1,1,1,1,0,0,0,0,0,0,0,-1,0,0,big_increase
서울특별시 강서구,C,782,6352,785,6668,801,6800,784,6743,851,6781,897,6945,132,-57,38,164,small_increase
서울특별시 강서구,D,5,425,7,465,8,513,12,483,14,481,8,467,48,-30,-2,-14,big_increase
서울특별시 강서구,E,35,625,37,656,35,676,34,734,46,833,47,847,20,58,99,14,big_increase
서울특별시 강서구,F,887,13042,952,13948,1008,15319,933,13962,1082,15831,1145,17050,1371,-1357,1869,1219,small_increase
서울특별시 강서구,G,5108,29726,5252,32810,5596,32395,5251,29799,5532,33023,5662,33548,-415,-2596,3224,525,small_decrease
서울특별시 강서구,H,918,47410,970,45735,1009,44671,1015,45140,1064,42551,1116,43793,-1064,469,-2589,1242,small_increase
서울특별시 강서구,I,3244,16509,3351,17789,3736,18836,2905,14235,3110,15240,3285,16943,1047,-4601,1005,1703,small_increase
서울특별시 강서구,J,537,10780,676,10697,734,11115,860,11456,1127,15393,1369,16525,418,341,3937,1132,small_increase
서울특별시 강서구,K,283,3960,309,3968,337,4656,332,4959,374,4765,379,4787,688,303,-194,22,small_increase
서울특별시 강서구,L,1024,5979,1131,6356,1198,7691,1098,5793,1259,6241,1338,5934,1335,-1898,448,-307,small_decrease
서울특별시 강서구,M,777,17225,978,22960,1086,25518,1242,25958,1546,29603,1688,32363,2558,440,3645,2760,small_increase
서울특별시 강서구,N,438,17144,540,17440,636,17500,610,18174,688,21633,713,22356,60,674,3459,723,small_increase
서울특별시 강서구,P,965,8705,969,9086,1007,8865,919,8477,925,8679,959,9018,-221,-388,202,339,small_increase
서울특별시 강서구,Q,1499,17658,1536,19327,1594,22311,1564,23306,1550,23662,1621,26058,2984,995,356,2396,small_increase
서울특별시 강서구,R,512,2619,539,2951,592,3159,426,2446,463,2707,511,3286,208,-713,261,579,small_decrease
서울특별시 강서구,S,1467,6718,1448,6717,1525,7028,1271,5793,1309,6813,1363,6407,311,-1235,1020,-406,small_decrease
서울특별시 구로구,A,1,1,1,1,1,20,2,3,4,14,5,13,19,-17,11,-1,big_increase
서울특별시 구로구,B,0,0,1,1,1,1,0,0,0,0,1,1,0,-1,0,1,big_increase
서울특별시 구로구,C,2346,17372,2261,15969,2282,16783,2099,15380,2124,14921,2089,14276,814,-1403,-459,-645,small_increase
서울특별시 구로구,D,7,102,8,104,7,127,4,101,3,91,4,99,23,-26,-10,8,big_increase
서울특별시 구로구,E,12,188,15,375,16,431,18,492,16,351,17,368,56,61,-141,17,big_increase
서울특별시 구로구,F,780,11442,762,11467,854,13124,736,14348,776,13905,763,13002,1657,1224,-443,-903,small_increase
서울특별시 구로구,G,7409,34522,7217,34797,6932,33703,6764,30765,6900,32533,6862,32595,-1094,-2938,1768,62,small_decrease
서울특별시 구로구,H,256,5028,248,4511,270,4596,224,5483,242,5491,231,5585,85,887,8,94,small_increase
서울특별시 구로구,I,2617,11728,2631,12293,2515,11841,1967,9336,2031,9150,2151,10388,-452,-2505,-186,1238,small_decrease
서울특별시 구로구,J,1845,29401,1837,29477,1907,29864,1874,29968,2047,33920,2298,35245,387,104,3952,1325,small_increase
서울특별시 구로구,K,403,8309,410,8203,434,8354,387,7739,406,8559,414,8701,151,-615,820,142,small_increase
서울특별시 구로구,L,603,3619,663,3625,812,3733,855,3439,907,4782,934,4371,108,-294,1343,-411,small_increase
서울특별시 구로구,M,1181,15175,1230,15782,1308,15211,1365,15736,1501,17976,1509,17902,-571,525,2240,-74,small_increase
서울특별시 구로구,N,540,23821,542,25160,604,29804,549,24502,576,25550,581,27361,4644,-5302,1048,1811,small_increase
서울특별시 구로구,P,655,6330,660,6734,742,7359,619,6285,648,6911,622,6928,625,-1074,626,17,small_decrease
서울특별시 구로구,Q,1093,13638,1089,14628,1108,15741,1113,16820,1137,17377,1175,19190,1113,1079,557,1813,small_increase
서울특별시 구로구,R,369,1709,393,1926,440,2183,293,1631,278,1560,304,1647,257,-552,-71,87,small_increase
서울특별시 구로구,S,962,5344,945,5247,972,5596,852,4632,825,4332,835,4163,349,-964,-300,-169,small_increase
서울특별시 금천구,A,1,4,2,8,0,0,1,1,1,2,1,2,-8,1,1,0,big_increase
서울특별시 금천구,B,2,3,0,0,0,0,0,0,0,0,0,0,0,0,0,0,big_increase
서울특별시 금천구,C,4129,38595,4104,38874,4147,38492,3983,35339,4085,35013,4215,35988,-382,-3153,-326,975,small_decrease
서울특별시 금천구,D,4,12,3,7,6,84,4,77,5,87,5,102,77,-7,10,15,big_increase
서울특별시 금천구,E,18,217,18,189,21,211,19,227,17,267,18,273,22,16,40,6,big_increase
서울특별시 금천구,F,950,15683,942,17663,975,16385,869,14208,977,15204,1032,13890,-1278,-2177,996,-1314,small_decrease
서울특별시 금천구,G,5945,38293,5833,38460,6053,37694,5870,35726,5964,34335,6247,34424,-766,-1968,-1391,89,small_decrease
서울특별시 금천구,H,373,6342,387,6628,407,6499,362,5089,393,5232,423,5688,-129,-1410,143,456,small_decrease
서울특별시 금천구,I,1832,8226,1820,8863,1898,8627,1470,6609,1574,6795,1700,7324,-236,-2018,186,529,small_increase
서울특별시 금천구,J,2184,35955,2303,37864,2539,39503,2702,39533,3127,42644,3713,45739,1639,30,3111,3095,small_increase
서울특별시 금천구,K,205,2479,205,2445,226,2403,226,2630,256,2577,282,2616,-42,227,-53,39,small_increase
서울특별시 금천구,L,463,2532,493,2550,647,2771,661,3378,752,3639,1048,3916,221,607,261,277,small_increase
서울특별시 금천구,M,1690,25791,1875,27656,2097,31222,2196,29622,2460,32105,2809,32959,3566,-1600,2483,854,small_increase
서울특별시 금천구,N,507,20823,551,20356,637,23850,623,22634,738,24947,832,24894,3494,-1216,2313,-53,small_increase
서울특별시 금천구,P,391,3337,406,4174,417,4201,370,3884,388,4210,418,4565,27,-317,326,355,small_increase
서울특별시 금천구,Q,666,7045,662,6992,687,7792,686,8622,689,8633,709,9407,800,830,11,774,small_increase
서울특별시 금천구,R,209,990,200,1031,225,1112,160,765,174,868,193,917,81,-347,103,49,small_increase
서울특별시 금천구,S,804,3707,775,3971,821,4248,756,4278,729,3912,760,3570,277,30,-366,-342,small_increase
서울특별시 영등포구,A,0,0,0,0,0,0,0,0,3,5,3,6,0,0,5,1,big_increase
서울특별시 영등포구,B,2,19,3,13,2,4,2,4,2,5,0,0,-9,0,1,-5,big_increase
서울특별시 영등포구,C,2102,11704,1950,11297,1898,11092,1699,9798,1653,9610,1640,9740,-205,-1294,-188,130,small_increase
서울특별시 영등포구,D,9,761,11,781,11,774,13,772,14,858,10,835,-7,-2,86,-23,big_increase
서울특별시 영등포구,E,18,520,16,331,22,350,20,301,21,375,22,349,19,-49,74,-26,big_increase
서울특별시 영등포구,F,1054,23284,989,22909,1015,21158,897,20891,961,25120,980,18201,-1751,-267,4229,-6919,small_increase
서울특별시 영등포구,G,6548,46382,6088,46897,6367,47490,5906,45311,6392,47123,6245,45387,593,-2179,1812,-1736,small_increase
서울특별시 영등포구,H,509,8722,521,7846,528,7169,497,7090,548,6676,558,8199,-677,-79,-414,1523,small_decrease
서울특별시 영등포구,I,4323,22171,4174,23327,4478,23928,3542,18554,3654,19486,3698,20154,601,-5374,932,668,small_increase
서울특별시 영등포구,J,1492,28234,1432,30406,1358,29792,1474,29213,1982,38082,2392,40573,-614,-579,8869,2491,small_increase
서울특별시 영등포구,K,1044,53966,1116,56549,1224,58846,1447,59210,1628,64435,1604,69137,2297,364,5225,4702,small_increase
서울특별시 영등포구,L,968,10160,969,7696,1120,9042,1104,8397,1143,8433,1275,7261,1346,-645,36,-1172,small_increase
서울특별시 영등포구,M,1885,30793,1935,32057,2030,35323,2176,32514,2604,39995,2901,41258,3266,-2809,7481,1263,small_increase
서울특별시 영등포구,N,887,58164,869,61485,888,62007,827,60972,958,61393,967,59650,522,-1035,421,-1743,small_increase
서울특별시 영등포구,P,713,5476,676,5260,668,5363,667,5122,707,5102,707,5203,103,-241,-20,101,small_increase
서울특별시 영등포구,Q,1143,15901,1149,16971,1159,17376,1184,17830,1194,18676,1226,20380,405,454,846,1704,small_increase
서울특별시 영등포구,R,434,2847,459,2926,512,3005,346,2638,344,2497,373,2907,79,-367,-141,410,small_increase
서울특별시 영등포구,S,1340,10067,1330,10063,1353,9941,1153,8938,1168,9018,1196,9246,-122,-1003,80,228,small_increase
서울특별시 동작구,A,0,0,0,0,0,0,1,1,2,3,2,6,0,1,2,3,big_increase
서울특별시 동작구,B,1,2,0,0,0,0,0,0,0,0,0,0,0,0,0,0,big_increase
서울특별시 동작구,C,310,1724,279,1573,273,1622,236,1338,247,1149,248,1183,49,-284,-189,34,small_increase
서울특별시 동작구,D,3,142,3,147,2,117,2,148,2,140,2,140,-30,31,-8,0,big_increase
서울특별시 동작구,E,12,232,11,238,11,261,13,243,18,270,14,268,23,-18,27,-2,big_increase
서울특별시 동작구,F,376,4681,369,7284,415,5764,290,3838,290,3616,284,3928,-1520,-1926,-222,312,small_increase
서울특별시 동작구,G,2013,11207,1980,11147,1949,10740,1766,9317,1714,8301,1714,8660,-407,-1423,-1016,359,small_increase
서울특별시 동작구,H,109,1281,111,1094,104,1393,76,1109,75,1120,77,1246,299,-284,11,126,small_increase
서울특별시 동작구,I,2347,10170,2254,10282,2381,10704,1722,7362,1716,7354,1800,8189,422,-3342,-8,835,small_decrease
서울특별시 동작구,J,184,3880,168,4091,177,3910,175,4392,226,4919,273,4373,-181,482,527,-546,small_increase
서울특별시 동작구,K,189,3547,182,3631,168,3273,169,3706,163,3427,161,3264,-358,433,-279,-163,small_increase
서울특별시 동작구,L,511,4540,529,4954,544,4792,491,4226,517,2821,514,2846,-162,-566,-1405,25,small_increase
서울특별시 동작구,M,306,6511,311,5936,340,6301,336,6212,379,7099,378,6961,365,-89,887,-138,small_increase
서울특별시 동작구,N,209,13645,190,10852,209,6856,169,5897,189,8022,181,7098,-3996,-959,2125,-924,small_decrease
서울특별시 동작구,P,697,12233,714,12478,712,10897,626,9084,604,9780,632,10360,-1581,-1813,696,580,small_decrease
서울특별시 동작구,Q,946,12286,941,13022,979,13669,988,13861,985,15234,1005,15533,647,192,1373,299,small_increase
서울특별시 동작구,R,399,1902,362,1966,377,2107,263,1247,252,1214,274,1516,141,-860,-33,302,small_increase
서울특별시 동작구,S,825,3259,796,3330,825,3534,671,2923,655,2895,659,2969,204,-611,-28,74,small_increase
서울특별시 관악구,A,0,0,0,0,0,0,1,12,2,18,2,17,0,12,6,-1,big_increase
서울특별시 관악구,B,1,5,0,0,0,0,0,0,0,0,0,0,0,0,0,0,big_increase
서울특별시 관악구,C,734,4603,661,4133,632,3715,580,3198,611,3255,552,2946,-418,-517,57,-309,small_increase
서울특별시 관악구,D,0,0,0,0,1,4,0,0,0,0,0,0,4,-4,0,0,big_increase
서울특별시 관악구,E,11,170,10,182,8,169,8,170,11,248,10,201,-13,1,78,-47,big_increase
서울특별시 관악구,F,462,8244,458,7526,510,7803,390,8399,441,8817,448,6978,277,596,418,-1839,small_increase
서울특별시 관악구,G,2378,12741,2226,11570,2351,11866,2046,9470,2060,9841,2017,9594,296,-2396,371,-247,small_decrease
서울특별시 관악구,H,102,2610,99,2423,108,2166,80,1871,90,1875,86,1760,-257,-295,4,-115,small_increase
서울특별시 관악구,I,2953,13486,2749,13517,3104,14265,2133,9750,2300,10671,2426,11589,748,-4515,921,918,small_decrease
서울특별시 관악구,J,234,2784,214,2796,201,2781,214,2561,281,3308,366,3719,-15,-220,747,411,small_increase
서울특별시 관악구,K,163,2163,152,1832,151,1949,138,1658,156,1668,157,1651,117,-291,10,-17,small_increase
서울특별시 관악구,L,595,3017,598,3031,682,3333,510,2436,602,2880,580,2735,302,-897,444,-145,small_decrease
서울특별시 관악구,M,448,4574,459,4420,503,4807,501,4940,569,5762,582,5344,387,133,822,-418,small_increase
서울특별시 관악구,N,239,6926,234,6125,272,5551,219,5127,236,5112,225,7060,-574,-424,-15,1948,small_decrease
서울특별시 관악구,P,699,5667,655,5380,687,5592,567,4829,612,5495,625,5670,212,-763,666,175,small_decrease
서울특별시 관악구,Q,1136,11189,1139,12637,1134,13183,1111,14123,1143,15211,1189,15043,546,940,1088,-168,small_increase
서울특별시 관악구,R,450,2229,464,2287,478,2522,323,1765,347,1758,372,1908,235,-757,-7,150,small_increase
서울특별시 관악구,S,1098,4105,1051,4013,1091,4059,890,3519,868,3485,865,3144,46,-540,-34,-341,small_increase
서울특별시 서초구,A,4,29,3,37,3,39,5,50,10,65,10,72,2,11,15,7,big_increase
서울특별시 서초구,B,2,5,4,30,4,30,2,32,1,4,1,4,0,2,-28,0,big_increase
서울특별시 서초구,C,694,5225,684,4968,730,5630,613,5288,805,5796,816,5734,662,-342,508,-62,small_increase
서울특별시 서초구,D,13,146,13,150,18,224,16,223,17,197,15,223,74,-1,-26,26,big_increase
서울특별시 서초구,E,13,280,14,273,15,299,19,352,24,377,29,443,26,53,25,66,big_increase
서울특별시 서초구,F,1550,68007,1399,61077,1378,62415,1275,66134,1484,61481,1474,68392,1338,3719,-4653,6911,small_increase
서울특별시 서초구,G,7939,63194,7634,62491,7646,61609,7376,58834,7758,60283,7695,57991,-882,-2775,1449,-2292,small_decrease
서울특별시 서초구,H,428,7947,451,8058,481,9084,445,10106,496,9107,492,9006,1026,1022,-999,-101,small_increase
서울특별시 서초구,I,4972,28930,4854,30887,4845,28761,3946,23058,3987,22404,3957,23230,-2126,-5703,-654,826,small_decrease
서울특별시 서초구,J,1906,28871,1839,29615,1935,31546,1998,32325,2678,40692,3204,43835,1931,779,8367,3143,small_increase
서울특별시 서초구,K,849,18157,851,18452,903,17695,870,17929,990,18118,1051,18728,-757,234,189,610,small_increase
서울특별시 서초구,L,2083,13871,2090,13123,2263,14742,2315,13798,2497,14554,2588,12283,1619,-944,756,-2271,small_increase
서울특별시 서초구,M,5322,63484,5576,67066,5784,68183,6118,70672,6792,76455,7028,77813,1117,2489,5783,1358,small_increase
서울특별시 서초구,N,1050,55622,1000,56213,1093,52892,1013,48830,1152,55333,1179,57412,-3321,-4062,6503,2079,small_increase
서울특별시 서초구,P,1624,15993,1609,16182,1634,16946,1497,16747,1514,18938,1498,19127,764,-199,2191,189,small_increase
서울특별시 서초구,Q,1568,19060,1540,20117,1535,20475,1518,21504,1605,23147,1704,25153,358,1029,1643,2006,small_increase
서울특별시 서초구,R,715,4471,681,4900,739,6119,574,5053,602,4536,607,4779,1219,-1066,-517,243,small_increase
서울특별시 서초구,S,1716,10970,1692,10626,1704,10647,1492,9610,1446,9732,1481,10265,21,-1037,122,533,small_increase
서울특별시 강남구,A,1,2,4,46,5,36,7,74,6,102,10,120,-10,38,28,18,big_increase
서울특별시 강남구,B,3,10,6,14,3,3,2,8,5,14,6,20,-11,5,6,6,big_increase
서울특별시 강남구,C,1166,15119,1101,14542,1204,16324,1175,15741,1536,17236,1651,16742,1782,-583,1495,-494,small_increase
서울특별시 강남구,D,25,1052,39,1222,35,1144,32,979,29,1177,28,1170,-78,-165,198,-7,small_increase
서울특별시 강남구,E,21,725,19,696,20,693,23,582,23,846,26,818,-3,-111,264,-28,big_increase
서울특별시 강남구,F,1826,55646,1695,49200,1622,46642,1486,48055,1808,54117,1781,56467,-2558,1413,6062,2350,small_increase
서울특별시 강남구,G,12963,129770,12204,132242,12424,139602,12078,129601,12595,138920,12686,131853,7360,-10001,9319,-7067,small_increase
서울특별시 강남구,H,640,8879,640,8917,680,8986,637,8032,688,8686,663,8608,69,-954,654,-78,small_increase
서울특별시 강남구,I,8983,53967,8598,55341,9122,56730,7460,46197,7684,44488,7756,47050,1389,-10533,-1709,2562,small_increase
서울특별시 강남구,J,4173,57496,3974,57885,3737,57949,3866,61723,5080,88596,6556,101317,64,3774,26873,12721,small_increase
서울특별시 강남구,K,1785,35780,1768,35026,1820,32407,1873,32436,1973,32962,2137,31433,-2619,29,526,-1529,small_increase
서울특별시 강남구,L,4040,27805,3988,27409,4227,28866,4190,28051,3725,24751,4116,24889,1457,-815,-3300,138,small_increase
서울특별시 강남구,M,7486,101846,7649,106289,7626,111024,8063,111467,9427,123286,10163,128315,4735,443,11819,5029,small_increase
서울특별시 강남구,N,1811,80938,1714,86539,1716,85644,1617,81872,1940,85157,1989,82400,-895,-3772,3285,-2757,small_increase
서울특별시 강남구,P,2650,23529,2525,23392,2682,24278,2455,23406,2499,23940,2613,24368,886,-872,534,428,small_increase
서울특별시 강남구,Q,2949,38963,2919,40966,2866,41445,2901,43878,3110,45576,3136,47419,479,2433,1698,1843,small_increase
서울특별시 강남구,R,1130,7566,1113,8278,1201,8230,897,6782,988,7236,1077,7703,-48,-1448,454,467,small_decrease
서울특별시 강남구,S,3011,20560,2897,20437,2841,19555,2298,17803,2329,16915,2393,17821,-882,-1752,-888,906,small_increase
서울특별시 송파구,A,9,315,7,273,6,276,7,128,13,179,18,64,3,-148,51,-115,big_increase
서울특별시 송파구,B,2,5,1,5,1,6,0,0,1,12,2,7,1,-6,12,-5,big_increase
서울특별시 송파구,C,941,8046,972,8452,988,8571,899,8129,1023,7966,1065,8469,119,-442,-163,503,small_increase
서울특별시 송파구,D,9,25,9,29,10,26,12,23,15,36,12,30,-3,-3,13,-6,big_increase
서울특별시 송파구,E,21,580,18,554,20,703,21,496,28,784,26,606,149,-207,288,-178,big_increase
서울특별시 송파구,F,1630,45017,1608,46152,1620,42336,1430,54254,1669,58668,1723,60247,-3816,11918,4414,1579,small_increase
서울특별시 송파구,G,9277,53581,8997,55108,9294,58584,8648,59351,9207,65896,9410,64850,3476,767,6545,-1046,small_increase
서울특별시 송파구,H,255,9626,288,10322,315,9289,287,9938,327,9437,352,10192,-1033,649,-501,755,small_increase
서울특별시 송파구,I,4626,24874,4741,26867,5007,26811,3833,20821,4026,21059,4304,23622,-56,-5990,238,2563,small_decrease
서울특별시 송파구,J,650,23105,741,26455,803,27357,870,27947,1237,32108,1518,34697,902,590,4161,2589,small_increase
서울특별시 송파구,K,492,8729,495,8381,506,9007,478,9098,502,8848,554,8686,626,91,-250,-162,small_increase
서울특별시 송파구,L,1445,12084,1473,12283,1561,12600,1400,12324,1547,11698,1643,12622,317,-276,-626,924,small_increase
서울특별시 송파구,M,1824,25052,2065,27209,2304,30369,2423,31301,2943,38146,3240,40973,3160,932,6845,2827,small_increase
서울특별시 송파구,N,656,30883,680,29561,728,27390,659,25799,764,22873,794,23636,-2171,-1591,-2926,763,small_decrease
서울특별시 송파구,P,1381,11837,1369,11980,1444,13036,1279,10634,1236,11171,1278,11450,1056,-2402,537,279,small_decrease
서울특별시 송파구,Q,1720,23954,1739,25367,1800,27630,1811,28497,1825,28432,1901,29588,2263,867,-65,1156,small_increase
서울특별시 송파구,R,790,7107,844,7899,865,7152,562,5772,602,5739,695,6644,-747,-1380,-33,905,small_increase
서울특별시 송파구,S,1881,8449,1857,8447,1863,8614,1533,7394,1460,7070,1542,7557,167,-1220,-324,487,small_increase
서울특별시 강동구,A,4,48,3,40,0,0,2,11,5,19,5,135,-40,11,8,116,big_increase
서울특별시 강동구,B,0,0,0,0,0,0,0,0,1,3,1,1,0,0,3,-2,big_increase
서울특별시 강동구,C,913,5579,814,4385,739,4087,623,3381,643,3087,629,3143,-298,-706,-294,56,small_increase
서울특별시 강동구,D,3,94,2,89,1,4,3,7,6,25,6,46,-85,3,18,21,big_increase
서울특별시 강동구,E,10,240,11,244,12,238,14,185,17,256,16,171,-6,-53,71,-85,big_increase
서울특별시 강동구,F,905,17089,890,18891,845,16773,648,15191,745,16612,735,16108,-2118,-1582,1421,-504,small_decrease
서울특별시 강동구,G,3474,20288,3187,19445,3415,19886,2761,17048,3020,18709,3041,18354,441,-2838,1661,-355,small_increase
서울특별시 강동구,H,170,4304,171,4679,184,4128,143,4066,147,3858,150,4200,-551,-62,-208,342,small_increase
서울특별시 강동구,I,2777,12392,2581,11999,2888,12815,1994,8816,2187,9753,2213,10391,816,-3999,937,638,small_decrease
서울특별시 강동구,J,186,1731,161,1491,151,1518,163,1994,213,1896,273,2367,27,476,-98,471,big_increase
서울특별시 강동구,K,258,4116,240,3645,210,3247,201,2914,207,2922,218,2875,-398,-333,8,-47,small_increase
서울특별시 강동구,L,673,3258,678,3224,821,3763,686,3040,722,3395,695,3055,539,-723,355,-340,small_decrease
서울특별시 강동구,M,459,5747,489,6830,477,6851,470,6852,536,7232,591,7666,21,1,380,434,small_increase
서울특별시 강동구,N,303,13606,316,12572,331,12017,271,10932,325,12446,345,11331,-555,-1085,1514,-1115,small_decrease
서울특별시 강동구,P,868,7362,804,7121,824,6728,780,6429,822,6855,824,7141,-393,-299,426,286,small_increase
서울특별시 강동구,Q,1201,16966,1219,18174,1241,18781,1244,20919,1309,22895,1362,24729,607,2138,1976,1834,small_increase
서울특별시 강동구,R,456,2433,408,2210,403,2159,275,1507,283,1597,303,1831,-51,-652,90,234,small_increase
서울특별시 강동구,S,1042,4572,1019,4554,1026,4257,851,3393,821,3298,833,3290,-297,-864,-95,-8,small_increase
부산광역시 중구,A,21,1329,21,1644,20,1670,18,1596,16,1129,18,1101,26,-74,-467,-28,big_increase
부산광역시 중구,B,1,19,1,17,2,27,1,9,1,5,1,3,10,-18,-4,-2,big_increase
부산광역시 중구,C,241,948,240,1160,185,997,171,810,180,770,182,764,-163,-187,-40,-6,big_increase
부산광역시 중구,D,0,0,0,0,0,0,0,0,1,8,1,1,0,0,8,-7,big_increase
부산광역시 중구,E,6,147,7,154,7,146,8,151,10,157,11,184,-8,5,6,27,big_increase
부산광역시 중구,F,94,1447,86,1282,88,1249,79,1396,105,1466,106,1510,-33,147,70,44,big_increase
부산광역시 중구,G,2360,9324,2205,8860,2115,8324,1666,6402,1691,6865,1669,7008,-536,-1922,463,143,small_decrease
부산광역시 중구,H,1739,19737,1725,19966,1671,19256,1643,17491,1656,19825,1667,20619,-710,-1765,2334,794,small_decrease
부산광역시 중구,I,1541,7159,1471,6980,1362,6124,932,4115,1062,4495,1119,5102,-856,-2009,380,607,small_increase
부산광역시 중구,J,68,808,69,750,65,629,58,523,64,505,71,493,-121,-106,-18,-12,big_increase
부산광역시 중구,K,170,2250,173,2235,165,2209,140,1789,155,2173,151,2033,-26,-420,384,-140,small_increase
부산광역시 중구,L,234,852,236,918,248,866,250,879,338,1076,348,1005,-52,13,197,-71,big_increase
부산광역시 중구,M,194,2036,202,2109,204,2075,179,2456,199,2078,198,2116,-34,381,-378,38,big_increase
부산광역시 중구,N,345,5552,334,5305,307,5357,269,5468,271,5092,271,5265,52,111,-376,173,small_increase
부산광역시 중구,P,93,799,96,836,99,864,84,740,90,753,96,731,28,-124,13,-22,big_increase
부산광역시 중구,Q,201,2495,204,2794,220,3382,222,3701,221,4080,226,3759,588,319,379,-321,small_increase
부산광역시 중구,R,125,620,120,593,107,462,79,335,82,369,88,513,-131,-127,34,144,big_increase
부산광역시 중구,S,380,1258,376,1347,363,1423,300,1207,299,1153,302,1130,76,-216,-54,-23,big_increase
부산광역시 서구,A,22,985,20,1054,18,997,17,1286,17,888,17,976,-57,289,-398,88,big_increase
부산광역시 서구,B,3,34,3,22,3,19,2,2,3,7,3,6,-3,-17,5,-1,big_increase
부산광역시 서구,C,279,2736,270,2847,260,2636,208,2222,176,2262,189,2264,-211,-414,40,2,small_increase
부산광역시 서구,D,3,87,4,75,3,71,4,74,2,68,2,70,-4,3,-6,2,big_increase
부산광역시 서구,E,9,183,8,178,9,177,8,171,8,175,9,191,-1,-6,4,16,big_increase
부산광역시 서구,F,165,1418,167,1267,163,1201,120,1063,101,1078,102,1171,-66,-138,15,93,big_increase
부산광역시 서구,G,1583,6658,1503,6447,1566,6627,1384,5816,1312,5310,1303,5396,180,-811,-506,86,small_increase
부산광역시 서구,H,164,2738,171,2746,180,2572,144,2117,144,2377,154,2530,-174,-455,260,153,small_increase
부산광역시 서구,I,914,3546,903,3662,938,3943,607,2625,614,2688,726,3105,281,-1318,63,417,small_decrease
부산광역시 서구,J,16,66,20,83,22,154,18,142,12,108,13,127,71,-12,-34,19,big_increase
부산광역시 서구,K,55,480,54,498,53,507,53,490,50,474,53,467,9,-17,-16,-7,big_increase
부산광역시 서구,L,143,589,145,611,162,682,137,439,131,436,131,472,71,-243,-3,36,big_increase
부산광역시 서구,M,92,495,91,464,92,443,91,446,82,442,87,445,-21,3,-4,3,big_increase
부산광역시 서구,N,141,1764,135,1748,139,2317,122,2117,104,1619,125,1586,569,-200,-498,-33,small_increase
부산광역시 서구,P,143,1892,150,1689,167,1883,159,1707,141,1773,157,1899,194,-176,66,126,small_increase
부산광역시 서구,Q,261,9552,254,10304,269,10774,284,11778,267,11870,285,12375,470,1004,92,505,small_increase
부산광역시 서구,R,72,394,73,415,81,430,64,357,67,348,68,359,15,-73,-9,11,big_increase
부산광역시 서구,S,353,1234,360,1161,348,1164,297,938,274,869,309,977,3,-226,-69,108,big_increase
부산광역시 동구,A,5,39,6,42,4,37,4,37,4,28,5,36,-5,0,-9,8,big_increase
부산광역시 동구,B,1,10,2,10,2,5,1,6,1,1,1,1,-5,1,-5,0,big_increase
부산광역시 동구,C,376,1931,376,1959,340,1796,269,1467,284,1548,269,1476,-163,-329,81,-72,small_increase
부산광역시 동구,D,2,3,2,4,2,4,2,7,3,6,1,1,0,3,-1,-5,big_increase
부산광역시 동구,E,8,132,9,133,9,137,9,140,9,138,11,157,4,3,-2,19,big_increase
부산광역시 동구,F,280,5293,280,5383,316,4744,268,4699,269,3923,273,3680,-639,-45,-776,-243,small_increase
부산광역시 동구,G,1509,8354,1450,8063,1556,8548,1269,6343,1220,6494,1266,6808,485,-2205,151,314,small_decrease
부산광역시 동구,H,514,8468,531,9128,540,10375,490,8939,535,9650,555,10630,1247,-1436,711,980,small_decrease
부산광역시 동구,I,909,4253,955,4453,928,4304,745,3302,706,3315,792,4012,-149,-1002,13,697,small_decrease
부산광역시 동구,J,78,1136,77,1044,92,1045,99,1178,121,1362,139,1507,1,133,184,145,small_increase
부산광역시 동구,K,346,7054,369,7411,344,7555,337,7201,333,7057,329,7489,144,-354,-144,432,small_increase
부산광역시 동구,L,244,1816,248,1607,267,1667,271,1567,318,1529,346,1707,60,-100,-38,178,small_increase
부산광역시 동구,M,335,2923,339,3132,335,3289,350,3223,361,3369,359,3472,157,-66,146,103,small_increase
부산광역시 동구,N,362,10775,383,11590,389,10939,347,8912,340,8335,344,7241,-651,-2027,-577,-1094,small_increase
부산광역시 동구,P,125,1129,109,1079,120,1009,119,959,119,924,118,891,-70,-50,-35,-33,big_increase
부산광역시 동구,Q,345,6132,346,6144,383,6640,372,7518,369,8049,366,9073,496,878,531,1024,small_increase
부산광역시 동구,R,62,472,72,473,80,523,62,467,72,529,82,607,50,-56,62,78,big_increase
부산광역시 동구,S,583,1757,598,2167,616,2332,580,1809,538,1818,520,1422,165,-523,9,-396,small_increase
부산광역시 영도구,A,3,172,2,197,3,191,4,243,4,193,5,193,-6,52,-50,0,big_increase
부산광역시 영도구,B,0,0,0,0,0,0,0,0,0,0,1,1,0,0,0,1,big_increase
부산광역시 영도구,C,1076,9566,1074,9266,1098,9150,984,9052,1022,9353,1078,8605,-116,-98,301,-748,small_increase
부산광역시 영도구,D,1,30,1,30,1,29,1,29,1,31,1,31,-1,0,2,0,big_increase
부산광역시 영도구,E,16,222,16,227,17,256,16,286,18,336,18,309,29,30,50,-27,big_increase
부산광역시 영도구,F,209,1740,203,1691,221,1644,121,1210,124,890,141,949,-47,-434,-320,59,small_increase
부산광역시 영도구,G,770,3607,777,3804,822,3870,764,3309,749,3353,771,3497,66,-561,44,144,small_increase
부산광역시 영도구,H,163,2940,166,2665,166,2630,161,2432,165,2455,161,2278,-35,-198,23,-177,small_increase
부산광역시 영도구,I,667,2567,707,2787,718,2899,498,2020,554,2276,643,2683,112,-879,256,407,small_decrease
부산광역시 영도구,J,30,296,31,298,30,255,33,260,41,218,46,214,-43,5,-42,-4,big_increase
부산광역시 영도구,K,39,302,40,333,39,310,37,304,41,298,41,330,-23,-6,-6,32,big_increase
부산광역시 영도구,L,141,577,147,543,152,481,158,517,199,664,201,658,-62,36,147,-6,big_increase
부산광역시 영도구,M,71,1423,73,1457,78,1698,81,1264,82,1731,95,1564,241,-434,467,-167,small_increase
부산광역시 영도구,N,81,2697,79,2673,114,2903,95,2042,124,2369,120,2183,230,-861,327,-186,small_increase
부산광역시 영도구,P,135,1792,138,1888,139,1835,117,1622,110,1436,118,1435,-53,-213,-186,-1,small_increase
부산광역시 영도구,Q,263,3922,263,4506,286,5270,288,5511,283,5229,290,6296,764,241,-282,1067,small_increase
부산광역시 영도구,R,68,363,74,295,72,308,50,264,59,317,68,280,13,-44,53,-37,big_increase
부산광역시 영도구,S,330,1106,331,1271,338,1150,302,849,283,827,305,840,-121,-301,-22,13,big_increase
부산광역시 부산진구,A,2,4,0,0,0,0,0,0,2,3,2,4,0,0,3,1,big_increase
부산광역시 부산진구,B,0,0,0,0,0,0,0,0,0,0,0,0,0,0,0,0,big_increase
부산광역시 부산진구,C,1198,6828,1148,6491,1002,5781,893,4810,828,4202,912,4662,-710,-971,-608,460,small_increase
부산광역시 부산진구,D,1,372,1,383,1,402,1,436,3,457,3,468,19,34,21,11,big_increase
부산광역시 부산진구,E,12,211,12,202,11,234,12,243,10,164,16,251,32,9,-79,87,big_increase
부산광역시 부산진구,F,906,13596,933,13250,969,14341,674,11580,711,11053,804,11507,1091,-2761,-527,454,small_decrease
부산광역시 부산진구,G,4184,20153,4027,19675,4166,19945,3184,14712,3308,15440,3421,15569,270,-5233,728,129,small_increase
부산광역시 부산진구,H,243,4772,253,4828,265,4547,213,4581,231,4762,246,5132,-281,34,181,370,small_increase
부산광역시 부산진구,I,3326,16361,3332,16991,3675,17493,2569,12171,2934,13318,3344,15834,502,-5322,1147,2516,small_decrease
부산광역시 부산진구,J,149,1133,141,1152,138,958,138,999,157,1229,197,1399,-194,41,230,170,small_increase
부산광역시 부산진구,K,743,15257,720,14742,709,14417,656,12757,677,13972,683,13356,-325,-1660,1215,-616,small_decrease
부산광역시 부산진구,L,926,5254,941,5265,989,5054,904,4683,1087,5473,1191,5202,-211,-371,790,-271,small_increase
부산광역시 부산진구,M,648,5403,663,5592,697,5802,684,5673,738,6066,783,6658,210,-129,393,592,small_increase
부산광역시 부산진구,N,524,16601,519,15972,526,15959,462,12708,463,13724,480,14054,-13,-3251,1016,330,small_decrease
부산광역시 부산진구,P,800,9574,755,9124,810,8865,686,8154,691,8305,708,8385,-259,-711,151,80,small_increase
부산광역시 부산진구,Q,1152,17074,1158,18149,1197,19529,1200,20309,1227,21928,1255,24689,1380,780,1619,2761,small_increase
부산광역시 부산진구,R,331,2100,378,2130,398,2257,276,1680,314,1827,325,2039,127,-577,147,212,small_increase
부산광역시 부산진구,S,1122,4984,1132,5338,1186,5301,922,4113,941,4041,1047,4311,-37,-1188,-72,270,small_increase
부산광역시 동래구,A,1,204,2,343,2,322,3,151,4,124,5,136,-21,-171,-27,12,big_increase
부산광역시 동래구,B,3,12,3,10,2,3,0,0,1,4,1,1,-7,-3,4,-3,big_increase
부산광역시 동래구,C,507,2725,492,2667,452,2444,402,2057,413,1953,421,2034,-223,-387,-104,81,small_increase
부산광역시 동래구,D,3,104,3,89,4,91,4,88,4,95,2,91,2,-3,7,-4,big_increase
부산광역시 동래구,E,9,416,10,428,11,442,12,467,15,497,13,496,14,25,30,-1,big_increase
부산광역시 동래구,F,820,9579,818,10205,764,10021,582,13205,683,11888,737,11070,-184,3184,-1317,-818,small_increase
부산광역시 동래구,G,2284,10838,2185,10652,2213,10737,1819,8063,1880,9219,1941,9260,85,-2674,1156,41,small_decrease
부산광역시 동래구,H,162,1798,167,1755,180,1680,126,1130,145,1215,134,1081,-75,-550,85,-134,small_increase
부산광역시 동래구,I,1971,9345,2037,9608,2181,9862,1445,6393,1625,7150,1770,8127,254,-3469,757,977,small_decrease
부산광역시 동래구,J,53,486,50,484,46,435,48,499,55,511,61,509,-49,64,12,-2,big_increase
부산광역시 동래구,K,159,1975,156,1875,156,1970,151,1956,151,2114,152,2159,95,-14,158,45,small_increase
부산광역시 동래구,L,442,2213,414,1611,435,1636,392,1431,552,1979,586,1910,25,-205,548,-69,small_increase
부산광역시 동래구,M,281,2437,304,2653,304,2627,297,2755,340,2924,341,2806,-26,128,169,-118,small_increase
부산광역시 동래구,N,313,7832,314,8003,313,8198,274,6854,287,6493,295,6477,195,-1344,-361,-16,small_increase
부산광역시 동래구,P,613,4476,606,4118,648,4405,568,3747,608,4731,648,4723,287,-658,984,-8,small_increase
부산광역시 동래구,Q,732,10668,743,11709,770,11750,778,14535,783,14855,847,16922,41,2785,320,2067,small_decrease
부산광역시 동래구,R,228,1329,241,1353,269,1429,187,1028,206,1096,234,1233,76,-401,68,137,small_increase
부산광역시 동래구,S,777,2786,774,2825,756,2666,607,2139,614,2059,667,2185,-159,-527,-80,126,small_increase
부산광역시 남구,A,0,0,0,0,1,8,1,8,1,8,1,1,8,0,0,-7,big_increase
부산광역시 남구,B,0,0,0,0,0,0,1,4,0,0,0,0,0,4,-4,0,big_increase
부산광역시 남구,C,515,4789,507,4755,500,4732,429,4617,417,4292,432,4420,-23,-115,-325,128,small_increase
부산광역시 남구,D,3,380,5,398,4,452,5,471,5,471,5,580,54,19,0,109,big_increase
부산광역시 남구,E,14,263,14,272,17,275,15,267,20,297,19,296,3,-8,30,-1,big_increase
부산광역시 남구,F,441,5578,453,5447,449,5296,320,4330,349,5157,402,4468,-151,-966,827,-689,small_decrease
부산광역시 남구,G,1512,7401,1530,7853,1706,8540,1359,6730,1325,6678,1379,6802,687,-1810,-52,124,small_decrease
부산광역시 남구,H,360,8811,357,8563,346,8416,296,7171,343,7696,346,7409,-147,-1245,525,-287,small_decrease
부산광역시 남구,I,1712,7354,1713,7882,1902,8274,1211,5556,1332,5909,1432,6664,392,-2718,353,755,small_decrease
부산광역시 남구,J,115,714,115,658,133,781,119,644,156,914,170,871,123,-137,270,-43,big_increase
부산광역시 남구,K,127,4462,127,4621,132,5497,123,5730,125,5550,115,5390,876,233,-180,-160,small_increase
부산광역시 남구,L,349,1482,350,1634,445,1698,335,1306,367,1606,431,1723,64,-392,300,117,small_increase
부산광역시 남구,M,226,1458,279,1769,303,1860,267,1775,315,1991,329,1925,91,-85,216,-66,small_increase
부산광역시 남구,N,215,3964,218,3974,233,4248,204,4248,198,4594,229,4831,274,0,346,237,small_increase
부산광역시 남구,P,422,5234,458,5206,482,5568,385,5126,371,5093,406,5322,362,-442,-33,229,small_increase
부산광역시 남구,Q,604,7585,629,8752,633,9566,637,8952,624,9823,653,10402,814,-614,871,579,small_increase
부산광역시 남구,R,237,1232,242,1318,260,1371,171,957,157,884,193,1245,53,-414,-73,361,small_increase
부산광역시 남구,S,659,2645,660,2678,717,2859,576,2258,555,2277,606,2262,181,-601,19,-15,small_increase
부산광역시 북구,A,0,0,0,0,0,0,0,0,1,3,0,0,0,0,3,-3,big_increase
부산광역시 북구,B,0,0,0,0,0,0,0,0,0,0,0,0,0,0,0,0,big_increase
부산광역시 북구,C,255,2065,249,1968,268,1918,245,1935,232,1717,221,1699,-50,17,-218,-18,big_increase
부산광역시 북구,D,1,65,1,78,1,70,1,69,1,70,1,71,-8,-1,1,1,big_increase
부산광역시 북구,E,15,437,15,429,17,492,20,482,19,368,19,213,63,-10,-114,-155,big_increase
부산광역시 북구,F,316,2281,318,2564,339,2713,252,2476,298,2819,318,2708,149,-237,343,-111,small_increase
부산광역시 북구,G,1426,6807,1442,7192,1455,7089,1178,5432,1248,5700,1158,5379,-103,-1657,268,-321,small_decrease
부산광역시 북구,H,101,1324,109,1331,110,1245,85,1015,101,1228,94,1195,-86,-230,213,-33,small_increase
부산광역시 북구,I,1483,6499,1371,6143,1459,6304,1088,4521,1162,4777,1188,5330,161,-1783,256,553,small_increase
부산광역시 북구,J,32,248,31,388,35,451,39,386,45,421,56,540,63,-65,35,119,big_increase
부산광역시 북구,K,138,2983,141,2865,130,2795,125,2764,125,2742,126,2685,-70,-31,-22,-57,small_increase
부산광역시 북구,L,315,1422,299,1335,312,1307,305,1198,359,1420,348,1313,-28,-109,222,-107,small_increase
부산광역시 북구,M,118,790,124,865,118,841,111,809,133,1140,142,1102,-24,-32,331,-38,big_increase
부산광역시 북구,N,118,2047,132,2165,125,2199,113,1792,128,2246,116,1917,34,-407,454,-329,small_increase
부산광역시 북구,P,501,3467,470,3427,506,3565,444,3206,428,2978,403,2897,138,-359,-228,-81,small_increase
부산광역시 북구,Q,685,9280,668,9446,700,10101,709,11804,702,12078,717,12529,655,1703,274,451,small_increase
부산광역시 북구,R,223,972,216,900,221,959,143,606,156,685,153,674,59,-353,79,-11,small_increase
부산광역시 북구,S,556,1970,563,2050,569,1925,484,1575,489,1589,480,1644,-125,-350,14,55,small_increase
부산광역시 해운대구,A,0,0,0,0,1,3,1,3,4,20,8,29,3,0,17,9,big_increase
부산광역시 해운대구,B,2,25,2,17,2,25,1,18,1,27,1,1,8,-7,9,-26,big_increase
부산광역시 해운대구,C,488,6055,506,6432,506,6529,436,5380,487,5934,513,6060,97,-1149,554,126,small_decrease
부산광역시 해운대구,D,5,135,6,145,5,111,5,113,6,122,3,111,-34,2,9,-11,big_increase
부산광역시 해운대구,E,23,387,22,330,17,293,18,335,27,459,25,361,-37,42,124,-98,big_increase
부산광역시 해운대구,F,653,9428,661,10297,696,11198,590,11130,671,9823,706,10271,901,-68,-1307,448,small_increase
부산광역시 해운대구,G,4468,20864,4591,21822,4530,22132,3711,17408,3775,18956,3758,18631,310,-4724,1548,-325,small_increase
부산광역시 해운대구,H,270,3897,292,4183,320,3784,282,3632,306,4025,303,4165,-399,-152,393,140,small_increase
부산광역시 해운대구,I,3018,18616,3066,19045,3174,18674,2393,14531,2502,14593,2705,16351,-371,-4143,62,1758,small_decrease
부산광역시 해운대구,J,435,5249,473,5587,471,5900,520,6277,584,6460,639,6578,313,377,183,118,small_increase
부산광역시 해운대구,K,250,3156,263,3570,263,3462,259,3219,250,3306,249,3291,-108,-243,87,-15,small_increase
부산광역시 해운대구,L,935,4859,966,5113,1061,5089,1066,4836,1221,5475,1289,5343,-24,-253,639,-132,small_increase
부산광역시 해운대구,M,860,6967,970,7868,997,8113,1015,8514,1144,8797,1141,8727,245,401,283,-70,small_increase
부산광역시 해운대구,N,388,7956,412,9305,433,10640,389,8132,399,8296,404,8848,1335,-2508,164,552,small_decrease
부산광역시 해운대구,P,833,6316,827,6357,886,6299,791,5525,790,5698,818,5442,-58,-774,173,-256,small_increase
부산광역시 해운대구,Q,1017,13063,1011,13210,1038,15655,1035,16614,1047,16636,1092,17332,2445,959,22,696,small_increase
부산광역시 해운대구,R,363,2517,404,2773,393,2622,287,1986,293,1965,321,2246,-151,-636,-21,281,small_increase
부산광역시 해운대구,S,1025,4311,1031,4422,1088,4591,915,3480,874,3650,909,3852,169,-1111,170,202,small_decrease
부산광역시 사하구,A,8,441,10,461,9,450,7,229,8,169,8,193,-11,-221,-60,24,big_increase
부산광역시 사하구,B,0,0,0,0,0,0,1,10,0,0,0,0,0,10,-10,0,big_increase
부산광역시 사하구,C,2385,30372,2329,29501,2244,28932,2031,26508,2093,26140,2109,25622,-569,-2424,-368,-518,small_increase
부산광역시 사하구,D,7,356,9,358,7,369,6,333,6,371,5,345,11,-36,38,-26,big_increase
부산광역시 사하구,E,44,765,44,824,40,839,42,826,48,845,53,816,15,-13,19,-29,big_increase
부산광역시 사하구,F,362,4574,382,3967,416,3903,284,3529,296,3676,320,3527,-64,-374,147,-149,small_increase
부산광역시 사하구,G,2059,10664,2045,10534,2087,10906,1664,8992,1730,9232,1686,8908,372,-1914,240,-324,small_increase
부산광역시 사하구,H,288,7319,298,6980,319,6930,253,5807,279,5830,287,5516,-50,-1123,23,-314,small_increase
부산광역시 사하구,I,2029,7425,2079,7835,2219,8500,1271,5063,1348,5220,1536,6083,665,-3437,157,863,small_decrease
부산광역시 사하구,J,38,241,45,258,42,238,44,245,48,276,58,285,-20,7,31,9,big_increase
부산광역시 사하구,K,130,1783,124,1604,120,1486,114,1549,115,1483,118,1487,-118,63,-66,4,big_increase
부산광역시 사하구,L,378,1739,400,1868,465,2024,423,1692,486,1969,515,1975,156,-332,277,6,small_increase
부산광역시 사하구,M,173,1694,183,1726,200,1694,186,1641,199,1794,207,1809,-32,-53,153,15,small_increase
부산광역시 사하구,N,229,2743,216,2410,239,3042,208,2687,196,2742,212,3452,632,-355,55,710,small_decrease
부산광역시 사하구,P,533,5591,526,5597,565,5307,466,5677,447,5528,424,5479,-290,370,-149,-49,small_increase
부산광역시 사하구,Q,752,10137,748,10535,775,11530,780,13486,784,15390,788,15547,995,1956,1904,157,small_increase
부산광역시 사하구,R,234,929,256,1003,250,1002,154,641,156,573,164,687,-1,-361,-68,114,big_increase
부산광역시 사하구,S,730,2494,769,2834,795,2814,626,2176,665,2098,669,2169,-20,-638,-78,71,small_increase
부산광역시 금정구,A,3,16,3,3,3,10,3,6,4,28,4,28,7,-4,22,0,big_increase
부산광역시 금정구,B,0,0,0,0,0,0,0,0,1,1,0,0,0,0,1,-1,big_increase
부산광역시 금정구,C,983,9554,966,8936,963,8664,873,7739,877,7476,917,7983,-272,-925,-263,507,small_increase
부산광역시 금정구,D,0,0,0,0,0,0,1,4,3,5,2,3,0,4,1,-2,big_increase
부산광역시 금정구,E,17,316,19,323,23,350,23,322,24,351,32,544,27,-28,29,193,big_increase
부산광역시 금정구,F,586,12140,588,11567,604,13305,470,13849,570,14365,608,12468,1738,544,516,-1897,small_increase
부산광역시 금정구,G,1940,10508,1858,10413,1879,10467,1579,8298,1699,9041,1699,8958,54,-2169,743,-83,small_decrease
부산광역시 금정구,H,218,6940,236,6798,266,6230,214,4951,242,6802,229,6873,-568,-1279,1851,71,small_decrease
부산광역시 금정구,I,1691,6924,1659,6900,1797,7506,1212,5085,1244,5251,1424,6076,606,-2421,166,825,small_decrease
부산광역시 금정구,J,57,602,66,571,73,569,78,506,94,672,100,743,-2,-63,166,71,big_increase
부산광역시 금정구,K,97,978,93,1009,91,999,86,949,87,1024,84,970,-10,-50,75,-54,big_increase
부산광역시 금정구,L,361,1413,312,1249,372,1445,352,1280,370,1361,392,1309,196,-165,81,-52,small_increase
부산광역시 금정구,M,350,2726,355,2818,367,3252,352,3184,418,3750,423,3834,434,-68,566,84,small_increase
부산광역시 금정구,N,166,3471,167,3628,196,4279,164,4412,177,3942,183,2285,651,133,-470,-1657,small_increase
부산광역시 금정구,P,452,5192,432,4930,471,4967,433,4392,421,4704,409,4273,37,-575,312,-431,small_increase
부산광역시 금정구,Q,593,8194,595,8295,584,9118,588,9320,615,9757,628,9807,823,202,437,50,small_increase
부산광역시 금정구,R,237,1670,254,1738,263,1808,178,1251,196,1641,211,1563,70,-557,390,-78,small_increase
부산광역시 금정구,S,652,2756,641,2733,670,2891,566,2444,563,2551,575,2382,158,-447,107,-169,small_increase
부산광역시 강서구,A,5,19,7,24,11,37,13,34,10,29,10,30,13,-3,-5,1,big_increase
부산광역시 강서구,B,4,56,4,35,5,27,6,26,6,30,5,24,-8,-1,4,-6,big_increase
부산광역시 강서구,C,4944,66423,5170,67558,5312,69239,5043,66139,5774,68775,6004,70488,1681,-3100,2636,1713,small_increase
부산광역시 강서구,D,7,138,12,147,11,143,10,145,9,129,9,172,-4,2,-16,43,big_increase
부산광역시 강서구,E,64,643,69,691,70,713,57,625,73,852,76,785,22,-88,227,-67,big_increase
부산광역시 강서구,F,364,2901,408,3202,472,3767,394,2849,556,3731,623,4132,565,-918,882,401,small_decrease
부산광역시 강서구,G,2606,11973,2728,13060,3063,14720,2910,13278,3488,15921,3578,16350,1660,-1442,2643,429,small_increase
부산광역시 강서구,H,355,7604,377,7806,432,8010,381,7836,410,8638,424,9093,204,-174,802,455,small_increase
부산광역시 강서구,I,1190,4642,1257,5233,1403,5716,1019,4061,1162,4715,1452,5878,483,-1655,654,1163,small_decrease
부산광역시 강서구,J,29,122,33,358,41,369,51,428,69,592,86,780,11,59,164,188,big_increase
부산광역시 강서구,K,75,691,79,754,85,733,82,667,95,743,100,737,-21,-66,76,-6,big_increase
부산광역시 강서구,L,299,891,285,821,404,1029,384,980,409,1049,423,948,208,-49,69,-101,big_increase
부산광역시 강서구,M,175,2213,209,2555,246,3065,249,2906,318,3493,354,3638,510,-159,587,145,small_increase
부산광역시 강서구,N,152,1237,163,1397,186,1409,164,1101,204,1421,222,1408,12,-308,320,-13,small_increase
부산광역시 강서구,P,191,1108,218,1335,259,1572,227,1366,267,1634,319,1841,237,-206,268,207,small_increase
부산광역시 강서구,Q,225,1901,255,2305,294,2724,302,3253,309,3788,346,3702,419,529,535,-86,small_increase
부산광역시 강서구,R,144,1515,172,1596,160,1525,92,1101,101,1142,142,1321,-71,-424,41,179,small_increase
부산광역시 강서구,S,287,1099,305,1163,350,1324,313,1125,331,1242,370,1352,161,-199,117,110,small_increase
부산광역시 연제구,A,0,0,1,16,0,0,1,6,3,7,2,12,-16,6,1,5,big_increase
부산광역시 연제구,B,0,0,0,0,0,0,0,0,0,0,0,0,0,0,0,0,big_increase
부산광역시 연제구,C,326,2525,321,2268,312,2129,262,1882,257,1896,268,1803,-139,-247,14,-93,small_increase
부산광역시 연제구,D,0,0,0,0,0,0,1,1,2,7,0,0,0,1,6,-7,big_increase
부산광역시 연제구,E,9,89,8,86,9,87,6,81,10,39,8,71,1,-6,-42,32,big_increase
부산광역시 연제구,F,659,10763,656,10769,675,10141,528,9228,532,8936,539,9374,-628,-913,-292,438,small_increase
부산광역시 연제구,G,1642,10147,1555,9480,1648,9722,1402,7478,1458,7772,1427,7809,242,-2244,294,37,small_decrease
부산광역시 연제구,H,198,1930,213,2426,213,2438,183,1929,185,1651,191,1778,12,-509,-278,127,small_increase
부산광역시 연제구,I,1705,7266,1664,7074,1745,7160,1138,4704,1259,5126,1358,5788,86,-2456,422,662,small_decrease
부산광역시 연제구,J,72,771,77,805,87,848,86,740,88,838,113,783,43,-108,98,-55,big_increase
부산광역시 연제구,K,363,7278,343,6927,347,6464,339,5894,339,6274,332,5932,-463,-570,380,-342,small_increase
부산광역시 연제구,L,581,3472,547,3310,595,3012,594,2771,627,2714,673,2626,-298,-241,-57,-88,small_increase
부산광역시 연제구,M,953,5669,968,5898,978,5706,1003,5876,1021,5964,1036,6552,-192,170,88,588,small_increase
부산광역시 연제구,N,316,7103,306,5724,313,5369,306,5345,297,5072,305,5688,-355,-24,-273,616,small_decrease
부산광역시 연제구,P,385,2737,381,2654,399,2918,362,2676,358,2785,360,2929,264,-242,109,144,small_increase
부산광역시 연제구,Q,574,7909,577,8222,602,9274,605,9987,614,10167,640,11083,1052,713,180,916,small_increase
부산광역시 연제구,R,162,808,180,797,173,791,121,521,142,635,144,656,-6,-270,114,21,big_increase
부산광역시 연제구,S,691,2801,691,3022,686,2898,587,2512,577,2690,654,3121,-124,-386,178,431,small_increase
부산광역시 수영구,A,1,5,1,17,3,35,2,3,3,15,2,40,18,-32,12,25,big_increase
부산광역시 수영구,B,0,0,0,0,0,0,0,0,0,0,0,0,0,0,0,0,big_increase
부산광역시 수영구,C,284,1796,275,1699,276,1591,205,1222,218,1203,227,1229,-108,-369,-19,26,small_increase
부산광역시 수영구,D,1,295,3,323,2,317,2,327,2,296,2,338,-6,10,-31,42,big_increase
부산광역시 수영구,E,13,312,13,295,13,340,12,238,16,317,15,314,45,-102,79,-3,big_increase
부산광역시 수영구,F,502,7565,550,7930,525,8330,361,6276,434,6826,443,7514,400,-2054,550,688,small_decrease
부산광역시 수영구,G,1375,6695,1287,6490,1298,6462,1052,5187,1121,5666,1112,5565,-28,-1275,479,-101,small_decrease
부산광역시 수영구,H,141,2340,152,2360,159,2434,117,1930,129,1997,137,2071,74,-504,67,74,small_increase
부산광역시 수영구,I,1745,7387,1732,7621,1727,7586,1178,5403,1383,6101,1605,7523,-35,-2183,698,1422,small_decrease
부산광역시 수영구,J,50,557,55,563,58,561,57,551,74,709,88,794,-2,-10,158,85,big_increase
부산광역시 수영구,K,80,1000,75,929,81,778,70,683,71,698,73,719,-151,-95,15,21,big_increase
부산광역시 수영구,L,320,1430,318,1423,351,1474,327,1261,407,1543,458,1795,51,-213,282,252,small_increase
부산광역시 수영구,M,235,1836,243,1869,265,2042,255,2037,289,2205,318,2202,173,-5,168,-3,small_increase
부산광역시 수영구,N,252,2605,243,1999,274,2340,242,1865,256,2343,263,1995,341,-475,478,-348,small_increase
부산광역시 수영구,P,312,2049,317,2029,349,2010,299,1705,282,1679,296,1832,-19,-305,-26,153,small_increase
부산광역시 수영구,Q,466,6836,476,7005,502,8026,485,7393,511,8249,540,9802,1021,-633,856,1553,small_increase
부산광역시 수영구,R,178,732,175,682,163,631,121,473,127,461,136,596,-51,-158,-12,135,big_increase
부산광역시 수영구,S,532,2158,552,2155,521,1945,422,1510,447,1665,471,1689,-210,-435,155,24,small_increase
부산광역시 사상구,A,0,0,0,0,1,2,2,2,2,6,0,0,2,0,4,-6,big_increase
부산광역시 사상구,B,1,1,0,0,0,0,0,0,0,0,0,0,0,0,0,0,big_increase
부산광역시 사상구,C,4831,38945,4663,37765,4607,36420,4292,32835,4271,32179,4187,31256,-1345,-3585,-656,-923,small_decrease
부산광역시 사상구,D,3,92,3,92,3,95,3,96,4,103,4,106,3,1,7,3,big_increase
부산광역시 사상구,E,58,646,59,690,64,703,62,704,69,765,68,769,13,1,61,4,big_increase
부산광역시 사상구,F,494,4332,529,4807,579,5346,454,4167,483,4175,500,4234,539,-1179,8,59,small_increase
부산광역시 사상구,G,4697,22830,4340,21595,4466,21847,4169,19712,4129,19535,4046,19595,252,-2135,-177,60,small_increase
부산광역시 사상구,H,276,4875,296,4600,312,5044,250,4399,272,4197,266,4180,444,-645,-202,-17,small_increase
부산광역시 사상구,I,1472,5938,1553,6450,1591,6529,1018,4072,1151,4531,1183,4855,79,-2457,459,324,small_decrease
부산광역시 사상구,J,86,593,99,641,114,725,111,659,128,747,135,759,84,-66,88,12,big_increase
부산광역시 사상구,K,109,1095,112,1175,117,1131,106,1003,109,1079,111,1086,-44,-128,76,7,big_increase
부산광역시 사상구,L,288,1200,305,1483,356,1400,356,1317,447,1801,431,1654,-83,-83,484,-147,small_increase
부산광역시 사상구,M,353,2743,372,2738,400,2893,414,3158,444,3364,445,3253,155,265,206,-111,small_increase
부산광역시 사상구,N,191,3931,180,3698,208,3315,175,2590,189,2754,192,3370,-383,-725,164,616,small_increase
부산광역시 사상구,P,289,4407,287,4452,304,4061,264,3869,257,4123,235,4278,-391,-192,254,155,small_increase
부산광역시 사상구,Q,476,7407,466,7789,486,8165,480,8469,493,9078,506,9810,376,304,609,732,small_increase
부산광역시 사상구,R,179,778,173,763,179,800,131,532,128,565,126,564,37,-268,33,-1,big_increase
부산광역시 사상구,S,677,3220,683,3216,719,3474,631,2923,633,2790,655,3004,258,-551,-133,214,small_increase
부산광역시 기장군,A,5,47,7,37,7,32,8,40,18,75,21,91,-5,8,35,16,big_increase
부산광역시 기장군,B,0,0,0,0,0,0,0,0,2,4,0,0,0,0,4,-4,big_increase
부산광역시 기장군,C,873,16696,900,16134,968,16465,937,16182,1088,16995,1168,17265,331,-283,813,270,small_increase
부산광역시 기장군,D,8,1613,9,1587,9,1730,8,1725,9,1612,9,1771,143,-5,-113,159,small_increase
부산광역시 기장군,E,39,438,39,413,49,515,51,612,56,627,59,606,102,97,15,-21,big_increase
부산광역시 기장군,F,369,4383,366,4682,379,4097,318,3386,459,5041,538,5155,-585,-711,1655,114,small_decrease
부산광역시 기장군,G,1596,7143,1570,7241,1668,8049,1369,6447,1604,7446,1686,7990,808,-1602,999,544,small_decrease
부산광역시 기장군,H,72,2377,76,2480,90,2767,81,2539,93,2525,108,2571,287,-228,-14,46,small_increase
부산광역시 기장군,I,1311,6037,1340,6661,1545,7254,1162,5786,1422,6703,1565,7890,593,-1468,917,1187,small_decrease
부산광역시 기장군,J,15,122,16,135,16,126,17,87,20,106,30,145,-9,-39,19,39,big_increase
부산광역시 기장군,K,57,619,57,553,53,598,54,641,62,711,62,615,45,43,70,-96,big_increase
부산광역시 기장군,L,207,1041,204,903,231,914,226,875,296,1192,320,1194,11,-39,317,2,big_increase
부산광역시 기장군,M,79,418,81,467,96,552,92,552,114,1012,131,1049,85,0,460,37,big_increase
부산광역시 기장군,N,110,2281,113,2515,123,2119,102,1546,125,1382,147,1676,-396,-573,-164,294,small_increase
부산광역시 기장군,P,254,1664,258,1721,305,1851,270,1554,318,1628,386,1797,130,-297,74,169,small_increase
부산광역시 기장군,Q,416,4988,426,5281,444,5563,447,6009,450,6209,496,6990,282,446,200,781,small_increase
부산광역시 기장군,R,106,1106,116,1229,135,1453,91,777,137,1167,168,2040,224,-676,390,873,small_increase
부산광역시 기장군,S,409,1459,423,1507,452,1508,386,1323,411,1677,436,1467,1,-185,354,-210,small_increase
대구광역시 중구,A,0,0,0,0,0,0,0,0,2,6,2,4,0,0,6,-2,big_increase
대구광역시 중구,B,0,0,0,0,0,0,0,0,0,0,0,0,0,0,0,0,big_increase
대구광역시 중구,C,719,3184,663,3379,632,2905,520,2323,497,2031,486,2055,-474,-582,-292,24,small_increase
대구광역시 중구,D,3,298,5,300,4,306,10,251,10,216,6,174,6,-55,-35,-42,big_increase
대구광역시 중구,E,7,60,10,253,10,226,10,344,13,265,10,49,-27,118,-79,-216,big_increase
대구광역시 중구,F,203,4701,195,4135,214,4109,198,5271,221,3439,243,5428,-26,1162,-1832,1989,small_increase
대구광역시 중구,G,3328,15131,3296,14453,3251,14276,2432,9912,2379,10185,2253,9887,-177,-4364,273,-298,small_decrease
대구광역시 중구,H,105,922,107,990,125,1061,93,776,98,746,107,675,71,-285,-30,-71,big_increase
대구광역시 중구,I,2029,9496,2065,10107,2143,9515,1512,6494,1549,6831,1712,7963,-592,-3021,337,1132,small_increase
대구광역시 중구,J,114,1545,110,1465,125,1391,123,1184,146,1312,184,1468,-74,-207,128,156,small_increase
대구광역시 중구,K,550,12487,492,11111,496,11218,456,9508,464,9558,475,10007,107,-1710,50,449,small_increase
대구광역시 중구,L,256,1506,274,1623,314,1572,324,1483,353,1491,413,1578,-51,-89,8,87,small_increase
대구광역시 중구,M,427,2700,440,2582,439,2695,405,2343,469,2846,494,3279,113,-352,503,433,small_increase
대구광역시 중구,N,373,5103,364,4664,363,4837,319,3543,335,4965,328,4900,173,-1294,1422,-65,small_decrease
대구광역시 중구,P,362,3064,354,2915,369,3163,329,2341,320,2529,337,2534,248,-822,188,5,small_increase
대구광역시 중구,Q,579,11823,612,13164,605,10977,610,13022,624,13132,626,13624,-2187,2045,110,492,small_increase
대구광역시 중구,R,183,881,200,873,207,991,148,722,155,766,160,829,118,-269,44,63,big_increase
대구광역시 중구,S,642,2789,652,2877,632,2777,502,2118,518,2127,544,2060,-100,-659,9,-67,small_increase
대구광역시 동구,A,2,7,2,4,3,4,3,5,4,23,7,12,0,1,18,-11,big_increase
대구광역시 동구,B,3,10,2,8,1,2,1,8,1,1,1,1,-6,6,-7,0,big_increase
대구광역시 동구,C,764,6760,728,6622,749,7078,679,6324,697,6397,701,6531,456,-754,73,134,small_decrease
대구광역시 동구,D,11,1203,14,1238,15,1223,14,1508,13,1190,13,1315,-15,285,-318,125,big_increase
대구광역시 동구,E,33,292,32,330,32,383,33,329,38,296,40,364,53,-54,-33,68,big_increase
대구광역시 동구,F,723,8221,729,8186,757,9062,591,7176,638,10765,712,10733,876,-1886,3589,-32,small_decrease
대구광역시 동구,G,3478,16177,3280,16439,3261,16665,2729,13323,2760,14352,2871,14744,226,-3342,1029,392,small_decrease
대구광역시 동구,H,268,6482,281,6554,307,6769,270,6165,285,5572,296,5531,215,-604,-593,-41,small_increase
대구광역시 동구,I,2360,9836,2230,9655,2300,9758,1769,7293,1769,7239,1969,8406,103,-2465,-54,1167,small_increase
대구광역시 동구,J,158,2072,154,2466,154,2478,154,2730,196,3208,241,3243,12,252,478,35,small_increase
대구광역시 동구,K,211,2881,201,2678,199,2685,194,2559,205,2527,208,2566,7,-126,-32,39,small_increase
대구광역시 동구,L,466,2493,491,2703,539,2961,544,2895,554,3087,579,3017,258,-66,192,-70,small_increase
대구광역시 동구,M,472,4551,486,4984,530,5354,534,5529,557,5481,553,5419,370,175,-48,-62,small_increase
대구광역시 동구,N,244,8023,261,7767,302,6576,259,5189,282,5412,306,6267,-1191,-1387,223,855,small_increase
대구광역시 동구,P,506,3897,493,3866,506,4044,460,3640,444,3686,447,3751,178,-404,46,65,small_increase
대구광역시 동구,Q,925,10758,945,11687,988,12351,976,12584,957,13072,999,13629,664,233,488,557,small_increase
대구광역시 동구,R,234,1152,241,1134,256,1168,193,869,185,887,211,1097,34,-299,18,210,small_increase
대구광역시 동구,S,1143,4294,1134,4368,1162,4803,1050,4197,945,4107,966,3954,435,-606,-90,-153,small_increase
대구광역시 서구,A,0,0,0,0,0,0,0,0,0,0,0,0,0,0,0,0,big_increase
대구광역시 서구,B,1,1,1,1,1,4,1,3,1,1,1,1,3,-1,-2,0,big_increase
대구광역시 서구,C,1936,18814,1907,18235,1842,17388,1696,15295,1659,15501,1663,16050,-847,-2093,206,549,small_increase
대구광역시 서구,D,10,313,16,306,12,259,14,265,15,338,14,336,-47,6,73,-2,big_increase
대구광역시 서구,E,36,416,36,422,40,514,40,476,38,471,41,484,92,-38,-5,13,big_increase
대구광역시 서구,F,492,3614,503,3856,519,4253,349,2884,393,2895,450,3334,397,-1369,11,439,small_decrease
대구광역시 서구,G,2443,11388,2343,11288,2368,11292,2112,9729,2121,9716,2135,9720,4,-1563,-13,4,small_increase
대구광역시 서구,H,158,3322,164,3272,151,2930,124,2545,128,2773,132,2501,-342,-385,228,-272,small_increase
대구광역시 서구,I,929,3387,920,3503,986,3706,639,2374,712,2662,738,2852,203,-1332,288,190,small_decrease
대구광역시 서구,J,23,325,18,329,19,279,23,316,35,450,41,519,-50,37,134,69,big_increase
대구광역시 서구,K,136,1998,143,2420,124,1855,120,1642,122,1640,127,1481,-565,-213,-2,-159,small_increase
대구광역시 서구,L,195,1163,210,1141,247,1272,228,974,278,1034,281,1021,131,-298,60,-13,small_increase
대구광역시 서구,M,146,1422,156,1347,159,1324,145,1228,180,1503,180,1539,-23,-96,275,36,small_increase
대구광역시 서구,N,185,2311,186,2506,215,3139,172,2792,180,3071,198,2938,633,-347,279,-133,small_decrease
대구광역시 서구,P,182,1424,164,1448,182,1631,155,1301,162,1367,153,1342,183,-330,66,-25,small_increase
대구광역시 서구,Q,539,7171,538,7954,528,8204,529,8052,516,9541,557,9994,250,-152,1489,453,small_increase
대구광역시 서구,R,107,364,112,423,132,515,78,319,68,289,78,319,92,-196,-30,30,big_increase
대구광역시 서구,S,555,2780,549,2548,563,2594,504,2398,494,2274,494,2326,46,-196,-124,52,small_increase
대구광역시 남구,A,1,19,1,19,2,27,2,37,2,22,3,29,8,10,-15,7,big_increase
대구광역시 남구,B,0,0,1,3,1,3,1,1,0,0,0,0,0,-2,-1,0,big_increase
대구광역시 남구,C,299,1223,311,1372,279,1285,226,1063,220,1056,240,1088,-87,-222,-7,32,big_increase
대구광역시 남구,D,2,10,1,3,4,8,3,3,2,2,1,2,5,-5,-1,0,big_increase
대구광역시 남구,E,13,71,13,64,20,96,17,73,14,56,15,109,32,-23,-17,53,big_increase
대구광역시 남구,F,419,2789,433,3543,473,3421,307,2494,276,2433,330,2886,-122,-927,-61,453,small_increase
대구광역시 남구,G,1010,4583,976,4626,1079,4980,931,3983,842,3701,862,3819,354,-997,-282,118,small_increase
대구광역시 남구,H,85,946,83,1003,88,978,59,773,63,865,68,1010,-25,-205,92,145,big_increase
대구광역시 남구,I,1030,3824,991,3947,1005,3855,707,2654,731,2722,834,3225,-92,-1201,68,503,small_increase
대구광역시 남구,J,111,1228,108,910,103,943,107,1022,103,861,110,816,33,79,-161,-45,big_increase
대구광역시 남구,K,93,1034,92,1083,95,1156,95,981,96,1061,105,1384,73,-175,80,323,big_increase
대구광역시 남구,L,185,1085,221,1151,241,1026,216,868,249,961,297,1164,-125,-158,93,203,big_increase
대구광역시 남구,M,330,2231,317,2159,321,2226,311,2181,323,2230,337,2251,67,-45,49,21,small_increase
대구광역시 남구,N,153,6303,160,6792,176,6822,139,4708,142,5293,143,4177,30,-2114,585,-1116,small_decrease
대구광역시 남구,P,253,3474,248,3093,248,3327,189,2867,168,2760,182,3043,234,-460,-107,283,small_increase
대구광역시 남구,Q,463,8664,470,11180,524,12785,505,13068,504,14499,538,15684,1605,283,1431,1185,small_increase
대구광역시 남구,R,144,546,155,646,178,633,139,497,124,476,145,543,-13,-136,-21,67,big_increase
대구광역시 남구,S,544,1696,509,1780,510,1605,495,1348,430,1246,445,1258,-175,-257,-102,12,small_increase
대구광역시 북구,A,2,160,2,139,3,188,3,172,4,148,6,158,49,-16,-24,10,big_increase
대구광역시 북구,B,0,0,0,0,0,0,0,0,0,0,0,0,0,0,0,0,big_increase
대구광역시 북구,C,5223,32440,4939,30627,4905,29572,4396,25662,4459,25310,4307,25017,-1055,-3910,-352,-293,small_decrease
대구광역시 북구,D,6,260,6,268,10,268,11,351,11,295,16,284,0,83,-56,-11,big_increase
대구광역시 북구,E,32,331,34,335,37,333,37,347,38,374,43,656,-2,14,27,282,big_increase
대구광역시 북구,F,875,9403,886,9175,930,9760,740,7347,846,7241,855,6737,585,-2413,-106,-504,small_increase
대구광역시 북구,G,5504,25499,5263,25183,5582,26847,4852,21917,5113,23092,4929,22767,1664,-4930,1175,-325,small_increase
대구광역시 북구,H,220,4076,228,3973,262,4222,221,3541,243,3318,242,3670,249,-681,-223,352,small_increase
대구광역시 북구,I,2580,10690,2598,11328,2933,11921,2095,8591,2213,9038,2336,9867,593,-3330,447,829,small_decrease
대구광역시 북구,J,193,1682,212,1971,218,2007,224,2062,246,2100,257,1897,36,55,38,-203,small_increase
대구광역시 북구,K,202,3075,206,2477,208,2439,206,2271,211,2424,212,2482,-38,-168,153,58,small_increase
대구광역시 북구,L,542,3069,521,3032,538,3036,511,2736,627,3258,611,3394,4,-300,522,136,small_increase
대구광역시 북구,M,422,3117,429,3102,460,3231,461,3314,491,3496,518,3677,129,83,182,181,small_increase
대구광역시 북구,N,224,5733,228,5581,277,5721,246,5047,258,4587,257,4733,140,-674,-460,146,small_increase
대구광역시 북구,P,767,8291,752,7869,798,8013,736,7041,760,7547,746,7439,144,-972,506,-108,small_decrease
대구광역시 북구,Q,1081,13471,1068,14157,1093,14589,1101,15956,1131,16969,1191,18200,432,1367,1013,1231,small_increase
대구광역시 북구,R,326,1909,363,2224,393,2342,279,1394,286,1423,298,1491,118,-948,29,68,small_increase
대구광역시 북구,S,928,3604,909,3555,959,3847,838,3139,839,3149,850,3312,292,-708,10,163,small_increase
대구광역시 수성구,A,0,0,0,0,0,0,1,1,1,1,1,1,0,1,0,0,big_increase
대구광역시 수성구,B,1,11,1,12,1,12,1,13,1,2,1,2,0,1,-11,0,big_increase
대구광역시 수성구,C,358,2059,346,2024,356,2178,296,1696,340,1926,359,2116,154,-482,230,190,small_increase
대구광역시 수성구,D,8,184,10,193,2,181,11,196,10,207,8,210,-12,15,11,3,big_increase
대구광역시 수성구,E,13,109,13,126,14,142,11,180,12,174,14,227,16,38,-6,53,big_increase
대구광역시 수성구,F,972,15009,972,15412,952,14375,753,12243,829,12995,869,13265,-1037,-2132,752,270,small_decrease
대구광역시 수성구,G,2484,13544,2395,13849,2616,14431,2040,11271,2154,11555,2176,10637,582,-3160,284,-918,small_decrease
대구광역시 수성구,H,112,2022,118,1887,124,1821,105,1406,121,1730,112,1930,-66,-415,324,200,small_increase
대구광역시 수성구,I,2894,13920,2863,14466,3084,14759,2133,10477,2302,11397,2541,12828,293,-4282,920,1431,small_decrease
대구광역시 수성구,J,130,1716,123,1650,126,1571,131,1516,190,2300,235,2830,-79,-55,784,530,small_increase
대구광역시 수성구,K,422,7474,391,7562,381,8190,346,7372,356,7561,379,7654,628,-818,189,93,small_decrease
대구광역시 수성구,L,766,4269,778,3836,918,4549,870,3689,926,4396,972,4150,713,-860,707,-246,small_decrease
대구광역시 수성구,M,842,5650,864,5689,878,5982,900,5961,1021,6558,1036,6563,293,-21,597,5,small_increase
대구광역시 수성구,N,281,9496,270,8817,284,8501,241,8166,282,8730,296,9202,-316,-335,564,472,small_decrease
대구광역시 수성구,P,1155,9672,1170,9571,1255,9574,1049,8143,1032,8352,1109,8715,3,-1431,209,363,small_increase
대구광역시 수성구,Q,1142,11472,1147,12928,1156,13743,1135,13992,1198,15644,1258,16616,815,249,1652,972,small_increase
대구광역시 수성구,R,445,2668,481,2819,529,2917,323,1950,354,2213,375,2282,98,-967,263,69,small_decrease
대구광역시 수성구,S,1065,3942,1059,4046,1047,3884,853,3006,794,2923,873,3161,-162,-878,-83,238,small_increase
대구광역시 달서구,A,0,0,0,0,1,1,2,2,2,3,1,1,1,1,1,-2,big_increase
대구광역시 달서구,B,2,6,0,0,1,4,1,4,0,0,0,0,4,0,-4,0,big_increase
대구광역시 달서구,C,4248,54247,4158,53940,4173,53148,3955,48862,4122,48707,4114,48596,-792,-4286,-155,-111,small_decrease
대구광역시 달서구,D,7,96,10,106,9,106,14,115,17,129,15,125,0,9,14,-4,big_increase
대구광역시 달서구,E,63,869,69,865,75,941,70,948,65,968,66,832,76,7,20,-136,big_increase
대구광역시 달서구,F,1010,9436,1084,9858,1102,10397,777,8359,852,9385,898,9517,539,-2038,1026,132,small_decrease
대구광역시 달서구,G,4396,20726,4217,20365,4308,21063,3603,16156,3753,17501,3685,17265,698,-4907,1345,-236,small_increase
대구광역시 달서구,H,359,7555,350,7159,388,7664,351,5877,367,7104,366,7215,505,-1787,1227,111,small_decrease
대구광역시 달서구,I,3747,15341,3768,15744,3973,16222,2733,10984,2854,11566,3082,12735,478,-5238,582,1169,small_decrease
대구광역시 달서구,J,142,1567,139,1511,152,1548,165,1371,194,1738,209,1764,37,-177,367,26,small_increase
대구광역시 달서구,K,344,5350,350,5304,360,5802,340,5045,340,4882,343,5143,498,-757,-163,261,small_increase
대구광역시 달서구,L,686,4293,680,4106,767,4412,724,3597,833,4044,803,3520,306,-815,447,-524,small_decrease
대구광역시 달서구,M,656,4951,681,4998,694,5162,684,5196,728,5408,753,5398,164,34,212,-10,small_increase
대구광역시 달서구,N,436,7452,437,7821,466,9275,411,7648,410,7649,429,7852,1454,-1627,1,203,small_increase
대구광역시 달서구,P,1179,11347,1138,11315,1214,12018,1100,10911,1160,10748,1161,11020,703,-1107,-163,272,small_increase
대구광역시 달서구,Q,1444,16919,1427,17557,1461,19404,1447,22830,1444,23570,1526,24900,1847,3426,740,1330,small_increase
대구광역시 달서구,R,560,2989,610,3042,593,3058,375,2049,360,2178,376,2192,16,-1009,129,14,small_increase
대구광역시 달서구,S,1255,5134,1243,5218,1287,5135,1066,4090,1094,4118,1080,3901,-83,-1045,28,-217,small_increase
대구광역시 달성군,A,10,251,13,156,13,194,11,158,8,134,10,153,38,-36,-24,19,big_increase
대구광역시 달성군,B,1,13,1,12,1,10,1,10,1,11,2,11,-2,0,1,0,big_increase
대구광역시 달성군,C,3007,46285,3011,46140,3069,46817,2947,44279,3051,45883,3082,46876,677,-2538,1604,993,small_increase
대구광역시 달성군,D,8,197,9,211,10,224,8,230,7,221,7,230,13,6,-9,9,big_increase
대구광역시 달성군,E,67,541,70,540,73,552,75,532,85,623,101,718,12,-20,91,95,big_increase
대구광역시 달성군,F,454,3618,491,4154,519,4475,461,3999,576,4780,558,4156,321,-476,781,-624,small_increase
대구광역시 달성군,G,1336,5926,1357,6400,1520,6877,1350,5822,1436,6408,1447,7443,477,-1055,586,1035,small_decrease
대구광역시 달성군,H,120,3192,136,3499,166,3084,130,3065,147,3447,147,3301,-415,-19,382,-146,small_increase
대구광역시 달성군,I,1095,4595,1258,5293,1424,5936,1049,4346,1204,4913,1296,5489,643,-1590,567,576,small_decrease
대구광역시 달성군,J,23,99,26,121,31,164,31,169,32,163,47,247,43,5,-6,84,big_increase
대구광역시 달성군,K,93,916,94,933,95,945,89,907,90,909,92,917,12,-38,2,8,big_increase
대구광역시 달성군,L,224,1325,201,1508,253,1654,226,1667,255,1810,274,1701,146,13,143,-109,small_increase
대구광역시 달성군,M,74,893,93,980,104,1195,112,1272,130,1488,136,1448,215,77,216,-40,small_increase
대구광역시 달성군,N,124,1389,141,1388,168,2088,136,2000,135,1981,157,2172,700,-88,-19,191,small_increase
대구광역시 달성군,P,348,2920,378,2956,445,3300,372,3040,395,3114,413,3353,344,-260,74,239,small_increase
대구광역시 달성군,Q,571,6116,588,6820,612,7317,611,7846,638,8188,671,8973,497,529,342,785,small_increase
대구광역시 달성군,R,151,1016,164,1129,187,1243,139,929,155,921,162,965,114,-314,-8,44,big_increase
대구광역시 달성군,S,460,1419,442,1460,504,1642,441,1323,440,1413,466,1373,182,-319,90,-40,small_increase
인천광역시 중구,A,2,7,1,2,2,2,1,3,1,6,3,8,0,1,3,2,big_increase
인천광역시 중구,B,16,388,15,324,14,308,17,344,18,306,17,262,-16,36,-38,-44,big_increase
인천광역시 중구,C,256,8575,269,8572,263,8214,277,8645,291,9507,305,9871,-358,431,862,364,small_increase
인천광역시 중구,D,8,184,8,176,7,185,6,72,6,116,7,116,9,-113,44,0,big_increase
인천광역시 중구,E,34,422,33,506,32,459,28,380,28,359,26,360,-47,-79,-21,1,big_increase
인천광역시 중구,F,188,2075,201,1735,205,1436,183,1213,175,1176,223,1390,-299,-223,-37,214,small_increase
인천광역시 중구,G,1512,7957,1434,7916,1478,8427,1386,7458,1378,7051,1442,7413,511,-969,-407,362,small_increase
인천광역시 중구,H,1377,24587,1382,25339,1373,26990,1328,26868,1362,26954,1360,27562,1651,-122,86,608,small_increase
인천광역시 중구,I,1362,8207,1432,9458,1671,9523,1392,7274,1522,7750,1697,9146,65,-2249,476,1396,small_decrease
인천광역시 중구,J,30,292,35,416,45,545,33,485,45,493,57,672,129,-60,8,179,big_increase
인천광역시 중구,K,77,1076,77,1101,77,1026,71,922,75,922,76,941,-75,-104,0,19,big_increase
인천광역시 중구,L,213,1158,238,1271,259,1284,252,1251,261,1163,340,1235,13,-33,-88,72,big_increase
인천광역시 중구,M,87,546,94,978,97,938,94,769,117,875,131,667,-40,-169,106,-208,big_increase
인천광역시 중구,N,188,9526,192,9714,221,13397,182,13578,207,15309,212,14591,3683,181,1731,-718,small_increase
인천광역시 중구,P,163,1406,161,1450,196,1638,186,1484,184,1493,204,1472,188,-154,9,-21,small_increase
인천광역시 중구,Q,297,5461,287,5523,301,5936,305,6263,322,6979,356,7714,413,327,716,735,small_increase
인천광역시 중구,R,113,2348,107,2872,145,3050,108,2309,112,2005,160,2257,178,-741,-304,252,small_increase
인천광역시 중구,S,355,1933,357,2057,385,2059,336,1774,323,1698,385,2001,2,-285,-76,303,small_increase
인천광역시 동구,A,1,3,1,2,1,2,1,3,1,2,2,7,0,1,-1,5,big_increase
인천광역시 동구,B,0,0,0,0,0,0,0,0,0,0,0,0,0,0,0,0,big_increase
인천광역시 동구,C,903,10286,898,10606,881,10176,743,9449,817,9275,810,9144,-430,-727,-174,-131,small_increase
인천광역시 동구,D,0,0,1,5,1,10,1,10,1,10,1,11,5,0,0,1,big_increase
인천광역시 동구,E,22,164,25,176,29,191,30,199,32,218,30,198,15,8,19,-20,big_increase
인천광역시 동구,F,283,1991,286,2223,302,2255,267,1770,302,1656,294,1593,32,-485,-114,-63,small_increase
인천광역시 동구,G,1160,4765,1104,4727,1212,4871,1099,4266,1175,4588,1082,4247,144,-605,322,-341,small_increase
인천광역시 동구,H,157,2076,171,2259,194,2348,193,2055,193,1945,172,1752,89,-293,-110,-193,small_increase
인천광역시 동구,I,256,1085,272,1239,312,1381,205,887,251,1058,253,1063,142,-494,171,5,small_increase
인천광역시 동구,J,11,53,12,40,14,46,12,50,16,66,20,73,6,4,16,7,big_increase
인천광역시 동구,K,42,356,44,372,42,326,39,254,39,297,42,316,-46,-72,43,19,big_increase
인천광역시 동구,L,64,290,64,301,59,258,67,277,91,376,98,373,-43,19,99,-3,big_increase
인천광역시 동구,M,72,333,64,309,75,415,73,400,78,404,72,375,106,-15,4,-29,big_increase
인천광역시 동구,N,70,828,70,495,82,556,74,603,89,1789,106,1959,61,47,1186,170,small_increase
인천광역시 동구,P,72,1212,66,1173,73,1152,63,1034,68,1043,69,1061,-21,-118,9,18,big_increase
인천광역시 동구,Q,215,2982,215,2933,216,3254,210,5605,220,5702,221,5832,321,2351,97,130,big_increase
인천광역시 동구,R,21,121,32,160,33,183,18,124,22,109,19,132,23,-59,-15,23,big_increase
인천광역시 동구,S,190,871,189,821,208,917,196,822,208,1027,181,952,96,-95,205,-75,big_increase
인천광역시 연수구,A,0,0,0,0,0,0,1,1,1,1,1,1,0,1,0,0,big_increase
인천광역시 연수구,B,0,0,1,28,1,4,0,0,0,0,0,0,-24,-4,0,0,big_increase
인천광역시 연수구,C,660,13445,691,15645,666,17462,654,18077,753,19641,837,21719,1817,615,1564,2078,small_increase
인천광역시 연수구,D,7,584,6,505,5,522,6,508,7,478,6,459,17,-14,-30,-19,big_increase
인천광역시 연수구,E,26,520,29,523,30,717,28,706,34,781,34,816,194,-11,75,35,big_increase
인천광역시 연수구,F,478,7532,491,8478,490,8501,461,9652,474,11294,560,9635,23,1151,1642,-1659,small_increase
인천광역시 연수구,G,2517,14687,2670,15527,2715,15938,2538,14288,2748,15257,3205,16186,411,-1650,969,929,small_decrease
인천광역시 연수구,H,179,3260,210,3203,222,3163,226,2970,272,3602,301,4133,-40,-193,632,531,small_increase
인천광역시 연수구,I,2369,12641,2369,12697,2473,13196,1977,10751,2195,11662,2442,13481,499,-2445,911,1819,small_decrease
인천광역시 연수구,J,137,1268,161,1445,183,1728,222,1712,286,1946,489,2799,283,-16,234,853,small_increase
인천광역시 연수구,K,118,1265,119,1234,126,1411,123,1403,128,1345,144,1522,177,-8,-58,177,big_increase
인천광역시 연수구,L,575,3074,667,3509,722,3754,747,3426,812,3541,1084,3980,245,-328,115,439,small_increase
인천광역시 연수구,M,355,6213,413,7411,450,7436,496,7965,623,9019,778,9774,25,529,1054,755,small_increase
인천광역시 연수구,N,236,4301,232,5002,242,5257,220,5146,249,5960,275,6176,255,-111,814,216,small_increase
인천광역시 연수구,P,762,7347,777,7495,847,7954,813,8521,814,9276,930,10012,459,567,755,736,small_increase
인천광역시 연수구,Q,766,8790,789,9008,835,9764,869,10288,876,10892,972,12838,756,524,604,1946,small_increase
인천광역시 연수구,R,300,1962,349,2323,374,2201,253,1650,277,1886,319,2253,-122,-551,236,367,small_increase
인천광역시 연수구,S,749,2479,775,2748,810,2855,691,2289,678,2347,750,2636,107,-566,58,289,small_increase
인천광역시 남동구,A,1,26,1,1,3,5,4,23,3,72,3,71,4,18,49,-1,big_increase
인천광역시 남동구,B,0,0,0,0,0,0,1,1,2,2,2,4,0,1,1,2,big_increase
인천광역시 남동구,C,5923,82146,5984,80598,5975,77873,5821,73176,6285,73299,6431,73967,-2725,-4697,123,668,small_increase
인천광역시 남동구,D,3,53,4,84,4,57,5,61,6,71,5,71,-27,4,10,0,big_increase
인천광역시 남동구,E,105,1203,117,1317,125,1374,127,1233,151,1280,149,1256,57,-141,47,-24,big_increase
인천광역시 남동구,F,811,12294,934,14765,993,14434,886,12682,1157,15452,1140,13418,-331,-1752,2770,-2034,small_decrease
인천광역시 남동구,G,4429,21077,4306,20872,4266,20945,3738,17569,4077,19320,3946,18950,73,-3376,1751,-370,small_decrease
인천광역시 남동구,H,211,3258,223,3396,274,3584,213,2943,234,3395,236,3474,188,-641,452,79,small_increase
인천광역시 남동구,I,3538,15495,3537,16262,3943,16895,2690,11617,2890,12289,3075,13535,633,-5278,672,1246,small_increase
인천광역시 남동구,J,112,1094,136,1337,133,1163,127,1018,163,1234,208,1428,-174,-145,216,194,small_increase
인천광역시 남동구,K,372,7276,377,6652,378,6766,360,6136,374,6717,396,6965,114,-630,581,248,small_increase
인천광역시 남동구,L,685,3778,672,4079,707,4148,677,4021,910,4968,863,4193,69,-127,947,-775,small_increase
인천광역시 남동구,M,612,5181,683,5560,752,6222,750,6362,814,6133,822,6269,662,140,-229,136,small_increase
인천광역시 남동구,N,397,10087,434,9808,464,9488,438,10567,482,12977,542,13550,-320,1079,2410,573,small_increase
인천광역시 남동구,P,935,6240,937,6720,959,6657,836,5762,845,5989,864,6095,-63,-895,227,106,small_increase
인천광역시 남동구,Q,1398,19548,1414,21435,1473,23449,1485,24706,1530,28632,1577,30982,2014,1257,3926,2350,small_increase
인천광역시 남동구,R,482,2331,524,2372,543,2366,327,1332,358,1480,388,1691,-6,-1034,148,211,small_increase
인천광역시 남동구,S,1442,4905,1466,5253,1519,5303,1271,4062,1326,4555,1354,4691,50,-1241,493,136,small_decrease
인천광역시 부평구,A,0,0,0,0,0,0,0,0,2,5,2,8,0,0,5,3,big_increase
인천광역시 부평구,B,0,0,0,0,0,0,0,0,0,0,0,0,0,0,0,0,big_increase
인천광역시 부평구,C,2233,37209,2211,33336,2199,30262,2109,29181,2161,27421,2279,26867,-3074,-1081,-1760,-554,small_decrease
인천광역시 부평구,D,5,474,6,494,6,528,6,532,6,635,7,561,34,4,103,-74,big_increase
인천광역시 부평구,E,32,286,31,297,28,258,26,254,30,277,34,287,-39,-4,23,10,big_increase
인천광역시 부평구,F,662,8262,694,7999,734,8121,571,7952,675,7415,691,8765,122,-169,-537,1350,small_increase
인천광역시 부평구,G,3429,18224,3340,18083,3484,18018,2842,14235,2920,14602,3039,15428,-65,-3783,367,826,small_decrease
인천광역시 부평구,H,222,3550,228,3818,267,3844,199,3421,196,3517,207,3601,26,-423,96,84,small_increase
인천광역시 부평구,I,2647,11522,2676,12203,2989,13061,2137,9610,2270,9967,2473,11288,858,-3451,357,1321,small_decrease
인천광역시 부평구,J,97,1339,102,1431,111,1430,113,1445,166,1558,232,1825,-1,15,113,267,small_increase
인천광역시 부평구,K,379,7084,390,7565,380,7291,342,6496,343,5725,350,5581,-274,-795,-771,-144,small_increase
인천광역시 부평구,L,551,2910,548,2943,581,2972,514,2524,583,2752,613,2633,29,-448,228,-119,small_increase
인천광역시 부평구,M,355,3270,366,3336,374,3153,363,5712,435,6380,487,6598,-183,2559,668,218,small_increase
인천광역시 부평구,N,348,5784,354,5206,411,6289,346,4800,390,5763,425,5536,1083,-1489,963,-227,small_decrease
인천광역시 부평구,P,805,5964,771,5888,787,6038,705,5238,683,4896,696,5176,150,-800,-342,280,small_decrease
인천광역시 부평구,Q,1346,17042,1313,18024,1293,18083,1277,21664,1274,22072,1314,23659,59,3581,408,1587,small_increase
인천광역시 부평구,R,386,1838,428,1946,473,2234,283,1353,262,1327,306,1643,288,-881,-26,316,small_increase
인천광역시 부평구,S,1389,5079,1373,4836,1400,4939,1138,3851,1113,3848,1146,3845,103,-1088,-3,-3,small_increase
인천광역시 계양구,A,2,7,3,7,2,4,1,2,2,4,4,16,-3,-2,2,12,big_increase
인천광역시 계양구,B,1,15,1,29,1,21,1,30,2,30,2,29,-8,9,0,-1,big_increase
인천광역시 계양구,C,1170,10590,1096,9725,1143,10148,1061,10244,1140,11252,1139,11570,423,96,1008,318,small_increase
인천광역시 계양구,D,0,0,1,3,0,0,0,0,0,0,0,0,-3,0,0,0,big_increase
인천광역시 계양구,E,25,277,26,306,28,327,28,311,32,309,35,346,21,-16,-2,37,big_increase
인천광역시 계양구,F,410,4483,437,5146,487,5009,405,3942,482,6028,486,5468,-137,-1067,2086,-560,small_decrease
인천광역시 계양구,G,1952,10308,1865,10194,1981,10397,1727,8801,1769,9320,1739,9029,203,-1596,519,-291,small_decrease
인천광역시 계양구,H,143,3203,151,2982,181,2851,146,2701,164,2328,163,2632,-131,-150,-373,304,small_increase
인천광역시 계양구,I,1498,6835,1464,7032,1631,7269,1125,5030,1231,5526,1207,5677,237,-2239,496,151,small_decrease
인천광역시 계양구,J,56,590,62,508,60,395,61,316,68,359,86,519,-113,-79,43,160,big_increase
인천광역시 계양구,K,120,1635,119,1640,113,1538,110,1353,111,1412,111,1420,-102,-185,59,8,small_increase
인천광역시 계양구,L,363,1574,356,1606,399,1705,388,1538,354,1558,367,1456,99,-167,20,-102,small_increase
인천광역시 계양구,M,263,1631,282,1691,295,1610,287,1491,308,1693,294,1573,-81,-119,202,-120,small_increase
인천광역시 계양구,N,180,5388,191,5054,207,6181,192,5655,210,5488,196,5705,1127,-526,-167,217,small_increase
인천광역시 계양구,P,453,3145,430,3019,477,3149,405,2604,357,2411,358,2440,130,-545,-193,29,small_increase
인천광역시 계양구,Q,805,10952,784,11559,789,11873,778,12210,815,14166,836,14905,314,337,1956,739,small_increase
인천광역시 계양구,R,247,1196,242,1320,263,1342,170,834,167,791,200,986,22,-508,-43,195,small_increase
인천광역시 계양구,S,778,2652,775,2549,802,2689,704,2435,687,2270,696,2348,140,-254,-165,78,small_increase
인천광역시 서구,A,5,29,7,22,7,28,9,37,12,77,8,57,6,9,40,-20,big_increase
인천광역시 서구,B,12,175,8,111,7,130,5,111,5,102,4,72,19,-19,-9,-30,big_increase
인천광역시 서구,C,5518,63205,5767,64710,5890,64977,5812,62748,6444,65939,6511,67095,267,-2229,3191,1156,small_increase
인천광역시 서구,D,15,1521,14,1501,18,1558,17,1521,17,1591,18,1575,57,-37,70,-16,small_increase
인천광역시 서구,E,123,3596,136,3850,158,2511,155,2700,184,3002,205,2860,-1339,189,302,-142,small_increase
인천광역시 서구,F,510,4762,594,5244,692,7378,633,7158,848,9481,880,10517,2134,-220,2323,1036,small_increase
인천광역시 서구,G,3608,19766,3774,20995,4167,23093,3766,19572,4401,22567,4403,22465,2098,-3521,2995,-102,small_increase
인천광역시 서구,H,314,9443,348,13921,419,10540,384,9287,462,10618,452,10400,-3381,-1253,1331,-218,small_decrease
인천광역시 서구,I,2671,11096,2843,12573,3283,14039,2416,10052,2684,10975,2973,12697,1466,-3987,923,1722,small_decrease
인천광역시 서구,J,50,1210,54,1502,85,1825,104,1881,131,2358,197,2571,323,56,477,213,small_increase
인천광역시 서구,K,153,1686,159,1864,168,1791,155,1629,168,1680,175,1847,-73,-162,51,167,small_increase
인천광역시 서구,L,598,2209,638,2524,716,2470,686,2552,946,3032,1061,3409,-54,82,480,377,small_increase
인천광역시 서구,M,259,3878,304,4373,381,6385,391,6798,478,7300,550,7308,2012,413,502,8,small_increase
인천광역시 서구,N,274,3068,290,3888,356,4539,329,3849,395,4715,431,5166,651,-690,866,451,small_decrease
인천광역시 서구,P,831,5125,874,5454,992,5763,862,5023,879,5349,977,5982,309,-740,326,633,small_decrease
인천광역시 서구,Q,1116,13808,1151,15201,1197,16552,1213,18528,1245,19169,1387,21698,1351,1976,641,2529,small_increase
인천광역시 서구,R,357,1987,407,2294,475,2429,299,1642,314,1778,366,2267,135,-787,136,489,small_increase
인천광역시 서구,S,1253,5056,1288,5243,1396,6026,1204,4893,1232,5064,1339,5252,783,-1133,171,188,small_decrease
인천광역시 미추홀구,A,1,2,1,2,1,6,1,1,0,0,0,0,4,-5,-1,0,big_increase
인천광역시 미추홀구,B,0,0,0,0,0,0,0,0,1,2,1,1,0,0,2,-1,big_increase
인천광역시 미추홀구,C,1331,15046,1331,14529,1396,13615,1351,13003,1433,13376,1388,12716,-914,-612,373,-660,small_increase
인천광역시 미추홀구,D,2,130,3,132,4,254,4,231,4,249,4,257,122,-23,18,8,big_increase
인천광역시 미추홀구,E,29,306,28,308,28,301,28,312,39,317,41,347,-7,11,5,30,big_increase
인천광역시 미추홀구,F,606,5575,613,6075,687,6322,530,5220,574,5016,619,5441,247,-1102,-204,425,small_decrease
인천광역시 미추홀구,G,2749,13080,2531,12936,2686,13296,2332,10106,2365,10843,2335,10663,360,-3190,737,-180,small_decrease
인천광역시 미추홀구,H,344,5927,347,6062,357,5697,313,4999,351,4746,362,4180,-365,-698,-253,-566,small_increase
인천광역시 미추홀구,I,2315,9009,2307,9644,2615,10513,1763,7056,1925,7728,2097,8629,869,-3457,672,901,small_decrease
인천광역시 미추홀구,J,142,1100,124,1026,109,851,112,777,130,881,139,907,-175,-74,104,26,big_increase
인천광역시 미추홀구,K,288,5058,282,4796,280,4853,252,4048,259,4143,256,3831,57,-805,95,-312,small_increase
인천광역시 미추홀구,L,441,1996,406,1951,413,1907,395,1733,503,2496,520,2257,-44,-174,763,-239,small_increase
인천광역시 미추홀구,M,609,4388,639,4612,698,4833,681,5178,702,5462,678,4991,221,345,284,-471,small_increase
인천광역시 미추홀구,N,294,6150,288,6701,335,6765,301,5148,342,6482,345,7393,64,-1617,1334,911,small_decrease
인천광역시 미추홀구,P,506,6201,502,6028,527,6321,474,5882,472,5588,499,6333,293,-439,-294,745,small_increase
인천광역시 미추홀구,Q,933,12595,937,13212,960,14912,939,15385,980,16534,1029,18184,1700,473,1149,1650,small_increase
인천광역시 미추홀구,R,351,1376,354,1582,424,1756,262,1062,258,1118,310,1429,174,-694,56,311,small_increase
인천광역시 미추홀구,S,1160,4586,1141,4479,1188,4444,1020,3473,998,3512,1044,3896,-35,-971,39,384,small_increase
인천광역시 강화군,A,12,81,14,77,19,107,25,186,37,236,40,256,30,79,50,20,big_increase
인천광역시 강화군,B,1,46,3,51,3,60,2,52,2,55,2,55,9,-8,3,0,big_increase
인천광역시 강화군,C,214,2562,221,2662,246,2656,261,2728,279,3109,293,3011,-6,72,381,-98,small_increase
인천광역시 강화군,D,2,39,2,42,1,41,3,46,3,48,2,46,-1,5,2,-2,big_increase
인천광역시 강화군,E,7,58,7,41,8,45,8,40,11,49,12,54,4,-5,9,5,big_increase
인천광역시 강화군,F,140,1000,138,858,160,1046,146,853,204,1262,224,1232,188,-193,409,-30,small_increase
인천광역시 강화군,G,274,1143,285,1263,323,1384,320,1356,352,1381,353,1349,121,-28,25,-32,big_increase
인천광역시 강화군,H,15,258,18,406,30,437,23,357,27,325,31,430,31,-80,-32,105,big_increase
인천광역시 강화군,I,449,1630,504,1904,605,2287,518,1877,479,1661,553,2044,383,-410,-216,383,small_increase
인천광역시 강화군,J,17,70,20,82,20,104,22,85,24,87,31,108,22,-19,2,21,big_increase
인천광역시 강화군,K,40,525,38,497,37,478,36,509,36,467,35,485,-19,31,-42,18,big_increase
인천광역시 강화군,L,34,105,41,125,43,129,33,92,48,153,62,156,4,-37,61,3,big_increase
인천광역시 강화군,M,42,192,50,225,56,226,54,215,57,237,60,236,1,-11,22,-1,big_increase
인천광역시 강화군,N,24,127,21,129,23,160,22,154,21,134,25,157,31,-6,-20,23,big_increase
인천광역시 강화군,P,70,616,63,542,66,534,60,501,54,445,59,509,-8,-33,-56,64,big_increase
인천광역시 강화군,Q,161,2254,159,2716,167,2932,166,2842,162,3204,176,2995,216,-90,362,-209,small_increase
인천광역시 강화군,R,40,249,48,337,54,432,44,364,48,385,53,380,95,-68,21,-5,big_increase
인천광역시 강화군,S,264,646,277,715,293,686,279,604,273,642,273,577,-29,-82,38,-65,big_increase
인천광역시 옹진군,A,7,101,6,50,8,50,7,36,9,52,9,51,0,-14,16,-1,big_increase
인천광역시 옹진군,B,1,3,0,0,1,4,1,6,0,0,0,0,4,2,-6,0,big_increase
인천광역시 옹진군,C,28,154,34,160,37,394,28,335,27,138,30,136,234,-59,-197,-2,big_increase
인천광역시 옹진군,D,16,805,16,776,16,905,16,987,13,1033,14,1017,129,82,46,-16,big_increase
인천광역시 옹진군,E,2,4,2,5,3,7,4,8,3,9,4,12,2,1,1,3,big_increase
인천광역시 옹진군,F,56,728,62,762,70,991,67,969,79,934,79,891,229,-22,-35,-43,big_increase
인천광역시 옹진군,G,70,234,65,234,84,308,85,262,74,226,73,245,74,-46,-36,19,big_increase
인천광역시 옹진군,H,18,133,19,116,22,188,20,125,20,101,22,133,72,-63,-24,32,big_increase
인천광역시 옹진군,I,207,650,177,584,248,842,172,575,143,454,142,475,258,-267,-121,21,big_increase
인천광역시 옹진군,J,6,23,5,18,5,21,5,18,5,20,6,21,3,-3,2,1,big_increase
인천광역시 옹진군,K,15,99,15,108,15,106,13,109,12,97,13,108,-2,3,-12,11,big_increase
인천광역시 옹진군,L,4,9,9,17,10,19,13,28,22,48,17,26,2,9,20,-22,big_increase
인천광역시 옹진군,M,1,1,2,3,2,9,3,8,3,8,2,5,6,-1,0,-3,big_increase
인천광역시 옹진군,N,21,155,21,118,25,106,27,85,22,221,24,234,-12,-21,136,13,big_increase
인천광역시 옹진군,P,7,27,6,20,4,22,4,13,4,16,3,16,2,-9,3,0,big_increase
인천광역시 옹진군,Q,25,286,27,287,30,326,28,323,31,328,30,346,39,-3,5,18,big_increase
인천광역시 옹진군,R,9,43,8,40,8,47,9,55,14,84,14,69,7,8,29,-15,big_increase
인천광역시 옹진군,S,59,91,60,79,72,98,77,99,70,112,84,140,19,1,13,28,big_increase
광주광역시 동구,A,2,10,4,23,3,9,4,7,5,8,8,16,-14,-2,1,8,big_increase
광주광역시 동구,B,0,0,0,0,0,0,0,0,0,0,0,0,0,0,0,0,big_increase
광주광역시 동구,C,377,1453,353,1327,314,1234,270,995,280,1072,286,1100,-93,-239,77,28,small_increase
광주광역시 동구,D,15,40,16,44,26,60,16,31,12,35,11,23,16,-29,4,-12,big_increase
광주광역시 동구,E,5,55,3,50,4,58,4,58,9,123,11,140,8,0,65,17,big_increase
광주광역시 동구,F,350,3363,341,3404,326,4157,263,3881,293,3753,317,4064,753,-276,-128,311,small_increase
광주광역시 동구,G,2463,10130,2215,9205,2328,9111,1460,5690,1485,5860,1508,6056,-94,-3421,170,196,small_decrease
광주광역시 동구,H,106,954,111,1113,106,1000,69,994,66,1048,68,1079,-113,-6,54,31,big_increase
광주광역시 동구,I,1685,6669,1558,6553,1665,6538,1027,4200,1100,4398,1230,5077,-15,-2338,198,679,small_decrease
광주광역시 동구,J,153,913,119,981,114,2173,118,2122,173,4021,218,4055,1192,-51,1899,34,small_increase
광주광역시 동구,K,314,4901,277,4357,274,4109,247,3849,256,3877,253,3932,-248,-260,28,55,small_increase
광주광역시 동구,L,317,1324,342,1393,398,1349,363,1122,433,1401,482,1460,-44,-227,279,59,small_increase
광주광역시 동구,M,606,3498,621,3821,644,3704,583,3570,607,3673,632,3634,-117,-134,103,-39,small_increase
광주광역시 동구,N,278,5012,269,4725,254,5403,203,4240,218,4064,221,3951,678,-1163,-176,-113,small_increase
광주광역시 동구,P,444,5023,375,4884,402,5596,282,5325,288,4760,294,5189,712,-271,-565,429,small_increase
광주광역시 동구,Q,442,9313,431,9429,452,10223,433,11617,459,13140,479,13474,794,1394,1523,334,small_increase
광주광역시 동구,R,261,1327,231,1344,260,1422,159,1087,159,973,175,843,78,-335,-114,-130,big_increase
광주광역시 동구,S,793,2242,687,1964,711,2217,542,1475,530,1300,574,1489,253,-742,-175,189,small_increase
광주광역시 서구,A,10,108,10,82,8,70,7,76,8,48,12,79,-12,6,-28,31,big_increase
광주광역시 서구,B,5,40,6,47,6,39,7,28,6,30,7,17,-8,-11,2,-13,big_increase
광주광역시 서구,C,483,10385,482,10359,525,10022,484,10047,480,9909,507,10729,-337,25,-138,820,small_increase
광주광역시 서구,D,27,326,37,357,32,351,31,357,32,382,31,382,-6,6,25,0,big_increase
광주광역시 서구,E,21,515,18,516,20,540,22,621,28,647,36,686,24,81,26,39,big_increase
광주광역시 서구,F,1294,15593,1350,16465,1375,17342,1273,16254,1351,17559,1482,18118,877,-1088,1305,559,small_increase
광주광역시 서구,G,3535,19095,3392,18972,3735,20122,3225,16435,3351,16903,3355,16096,1150,-3687,468,-807,small_increase
광주광역시 서구,H,168,4365,177,4246,193,4166,153,3809,151,4194,159,3535,-80,-357,385,-659,small_increase
광주광역시 서구,I,2608,12303,2573,12779,2854,13731,1950,9517,2027,9393,2109,10136,952,-4214,-124,743,small_increase
광주광역시 서구,J,167,1572,176,1674,171,1635,157,1377,149,1784,182,1651,-39,-258,407,-133,small_increase
광주광역시 서구,K,648,14099,638,14347,645,12629,598,11506,625,12425,623,11181,-1718,-1123,919,-1244,small_decrease
광주광역시 서구,L,645,6456,700,7027,779,7352,787,6474,830,7947,915,8684,325,-878,1473,737,small_increase
광주광역시 서구,M,702,5059,743,5909,842,6570,823,6800,832,6594,878,6476,661,230,-206,-118,small_increase
광주광역시 서구,N,439,10136,458,11040,482,11066,460,10079,465,10143,468,9195,26,-987,64,-948,small_increase
광주광역시 서구,P,720,4157,704,4187,741,4360,630,3706,610,3449,614,3474,173,-654,-257,25,small_increase
광주광역시 서구,Q,1048,12308,1026,12651,1039,13389,1030,14041,1023,16092,1074,17295,738,652,2051,1203,small_increase
광주광역시 서구,R,343,1732,394,1953,410,2467,268,1721,265,1302,266,1348,514,-746,-419,46,small_increase
광주광역시 서구,S,1224,5174,1221,5157,1258,5256,1062,3998,1010,3994,1066,4257,99,-1258,-4,263,small_decrease
광주광역시 남구,A,2,15,3,16,4,12,7,20,5,8,8,22,-4,8,-12,14,big_increase
광주광역시 남구,B,0,0,0,0,0,0,0,0,1,1,2,4,0,0,1,3,big_increase
광주광역시 남구,C,185,1393,182,1402,196,1341,175,1077,174,1039,168,1067,-61,-264,-38,28,big_increase
광주광역시 남구,D,4,11,16,23,28,36,24,29,11,14,4,4,13,-7,-15,-10,big_increase
광주광역시 남구,E,21,280,20,300,20,308,20,281,21,307,17,224,8,-27,26,-83,big_increase
광주광역시 남구,F,515,7246,552,7540,582,8065,420,8081,393,8049,396,7994,525,16,-32,-55,small_increase
광주광역시 남구,G,1169,5277,1195,5602,1314,6195,1089,4412,1021,4444,1036,4363,593,-1783,32,-81,small_decrease
광주광역시 남구,H,58,1769,63,2028,78,1533,51,1193,55,1538,47,1412,-495,-340,345,-126,small_increase
광주광역시 남구,I,1040,4175,1065,4485,1200,5090,819,3526,879,3860,961,4453,605,-1564,334,593,small_decrease
광주광역시 남구,J,81,985,91,1034,99,897,96,876,96,895,116,890,-137,-21,19,-5,big_increase
광주광역시 남구,K,94,791,100,865,98,827,97,765,97,895,100,893,-38,-62,130,-2,big_increase
광주광역시 남구,L,304,1475,348,1532,447,1768,434,1442,387,1703,421,1521,236,-326,261,-182,small_increase
광주광역시 남구,M,148,1128,154,1171,194,1421,180,1430,208,1372,219,1702,250,9,-58,330,big_increase
광주광역시 남구,N,152,2512,156,2504,176,1772,135,1442,144,1629,150,1498,-732,-330,187,-131,small_increase
광주광역시 남구,P,546,5769,551,5998,592,6019,575,5607,542,5550,544,5611,21,-412,-57,61,small_increase
광주광역시 남구,Q,708,10610,704,11907,727,13030,721,13819,711,13751,752,14941,1123,789,-68,1190,small_increase
광주광역시 남구,R,195,1021,220,1175,239,1031,158,691,168,818,169,837,-144,-340,127,19,small_increase
광주광역시 남구,S,641,2679,668,2875,725,2892,627,2393,584,2809,623,2438,17,-499,416,-371,small_increase
광주광역시 북구,A,2,94,4,17,2,4,7,14,9,20,10,19,-13,10,6,-1,big_increase
광주광역시 북구,B,1,6,1,6,3,9,1,8,1,1,1,1,3,-1,-7,0,big_increase
광주광역시 북구,C,1465,19739,1473,19365,1527,19180,1436,18702,1498,17912,1550,18638,-185,-478,-790,726,small_increase
광주광역시 북구,D,36,398,63,466,41,480,36,405,57,448,50,434,14,-75,43,-14,big_increase
광주광역시 북구,E,15,248,14,255,18,240,26,249,31,346,30,301,-15,9,97,-45,big_increase
광주광역시 북구,F,1510,19642,1565,21851,1578,20833,1314,18603,1504,20743,1561,21358,-1018,-2230,2140,615,small_decrease
광주광역시 북구,G,4119,19018,4020,19017,4173,19198,3640,15894,3616,16303,3659,16392,181,-3304,409,89,small_increase
광주광역시 북구,H,254,5433,253,6074,301,5825,233,4770,242,5122,227,5213,-249,-1055,352,91,small_decrease
광주광역시 북구,I,2876,11352,2896,11404,3070,12532,2033,8270,2283,9156,2386,10341,1128,-4262,886,1185,small_decrease
광주광역시 북구,J,140,1681,144,1593,184,1713,191,1845,235,2090,277,2205,120,132,245,115,small_increase
광주광역시 북구,K,252,3064,248,2905,253,3433,243,2868,246,2699,252,2672,528,-565,-169,-27,small_increase
광주광역시 북구,L,573,3650,619,3806,708,3494,680,3416,788,3790,805,3966,-312,-78,374,176,small_increase
광주광역시 북구,M,584,5144,579,4943,645,5435,632,5443,711,6611,822,7338,492,8,1168,727,small_increase
광주광역시 북구,N,404,8309,397,7639,436,8077,393,7211,428,7900,436,7831,438,-866,689,-69,small_decrease
광주광역시 북구,P,901,7632,875,7522,912,7877,776,6881,774,6851,755,6766,355,-996,-30,-85,small_increase
광주광역시 북구,Q,1286,17306,1280,17765,1311,19321,1326,20922,1340,23143,1393,23977,1556,1601,2221,834,small_increase
광주광역시 북구,R,527,2391,588,2649,591,2744,345,1656,355,1670,355,1735,95,-1088,14,65,small_increase
광주광역시 북구,S,1400,4626,1422,4814,1459,4749,1243,3681,1215,3891,1265,4195,-65,-1068,210,304,small_increase
광주광역시 광산구,A,8,197,12,207,9,238,15,254,17,251,18,285,31,16,-3,34,big_increase
광주광역시 광산구,B,2,6,1,4,0,0,0,0,2,7,3,8,-4,0,7,1,big_increase
광주광역시 광산구,C,3005,48645,3105,48914,3275,49410,3127,47515,3367,49207,3497,50257,496,-1895,1692,1050,small_increase
광주광역시 광산구,D,16,427,20,445,36,580,34,474,35,601,33,504,135,-106,127,-97,big_increase
광주광역시 광산구,E,72,584,72,564,83,646,78,576,94,841,90,635,82,-70,265,-206,big_increase
광주광역시 광산구,F,793,7578,867,8029,961,8029,896,6892,998,8086,1128,7995,0,-1137,1194,-91,small_decrease
광주광역시 광산구,G,3500,16368,3574,17177,3847,17950,3278,14543,3398,16364,3609,16066,773,-3407,1821,-298,small_increase
광주광역시 광산구,H,406,7133,440,7746,535,7688,433,6396,528,6655,560,6866,-58,-1292,259,211,small_decrease
광주광역시 광산구,I,2858,11874,2802,12329,3153,13770,2175,9404,2320,9953,2592,11049,1441,-4366,549,1096,small_increase
광주광역시 광산구,J,79,1145,89,1319,98,1589,96,1494,94,1133,129,1279,270,-95,-361,146,big_increase
광주광역시 광산구,K,160,1820,165,1876,174,1999,170,1810,167,1840,167,1777,123,-189,30,-63,small_increase
광주광역시 광산구,L,454,2343,497,2591,567,2756,551,2702,550,3152,632,2416,165,-54,450,-736,small_increase
광주광역시 광산구,M,260,1811,292,2364,333,2461,315,2273,361,2418,396,2796,97,-188,145,378,small_increase
광주광역시 광산구,N,287,4303,318,4170,399,4639,361,4247,382,5090,421,5075,469,-392,843,-15,small_increase
광주광역시 광산구,P,1009,7130,1021,7561,1050,7334,968,6408,845,6163,774,5794,-227,-926,-245,-369,small_increase
광주광역시 광산구,Q,1162,14491,1179,15697,1197,16571,1176,16503,1121,17434,1219,18440,874,-68,931,1006,small_increase
광주광역시 광산구,R,403,2116,452,2289,474,2224,297,1513,313,1519,347,1564,-65,-711,6,45,small_increase
광주광역시 광산구,S,1092,4045,1133,4302,1209,4673,991,3663,953,3513,1035,3672,371,-1010,-150,159,small_increase
대전광역시 동구,A,0,0,0,0,1,1,1,1,2,5,1,1,1,0,4,-4,big_increase
대전광역시 동구,B,0,0,0,0,0,0,0,0,0,0,0,0,0,0,0,0,big_increase
대전광역시 동구,C,898,4876,872,4774,899,4920,860,4644,870,4701,894,4849,146,-276,57,148,small_increase
대전광역시 동구,D,3,486,2,435,3,504,4,554,6,562,5,569,69,50,8,7,big_increase
대전광역시 동구,E,10,137,11,147,12,151,14,128,24,187,24,172,4,-23,59,-15,big_increase
대전광역시 동구,F,424,4584,417,4895,460,5339,361,5900,417,6283,451,6166,444,561,383,-117,small_increase
대전광역시 동구,G,1849,9550,1838,9668,1940,9903,1667,8180,1719,8707,1711,8666,235,-1723,527,-41,small_decrease
대전광역시 동구,H,153,5443,150,9759,166,5149,141,4980,157,4226,161,4519,-4610,-169,-754,293,small_increase
대전광역시 동구,I,1349,5488,1321,5548,1508,6070,1073,4377,1098,4527,1165,5025,522,-1693,150,498,small_decrease
대전광역시 동구,J,66,637,65,557,69,476,70,406,88,626,87,604,-81,-70,220,-22,big_increase
대전광역시 동구,K,104,1022,103,920,102,889,97,875,96,885,97,877,-31,-14,10,-8,big_increase
대전광역시 동구,L,242,1138,239,1155,232,1050,227,976,257,997,269,998,-105,-74,21,1,big_increase
대전광역시 동구,M,132,1503,135,1508,158,1678,144,1767,166,1964,180,1996,170,89,197,32,small_increase
대전광역시 동구,N,156,3308,153,3087,166,4222,159,4822,158,4261,167,4660,1135,600,-561,399,small_increase
대전광역시 동구,P,315,4788,295,4752,311,4733,260,4462,260,4565,274,4629,-19,-271,103,64,small_increase
대전광역시 동구,Q,737,7771,738,8307,735,8576,715,9528,723,9762,756,10116,269,952,234,354,small_increase
대전광역시 동구,R,157,718,185,811,198,851,115,485,121,502,135,598,40,-366,17,96,big_increase
대전광역시 동구,S,695,2158,724,2175,753,2417,689,2024,670,2031,673,2016,242,-393,7,-15,small_increase
대전광역시 중구,A,0,0,0,0,1,1,1,1,4,18,2,8,1,0,17,-10,big_increase
대전광역시 중구,B,0,0,0,0,1,5,1,4,1,3,1,1,5,-1,-1,-2,big_increase
대전광역시 중구,C,398,2396,410,2619,422,2613,365,2268,339,2003,342,2136,-6,-345,-265,133,small_increase
대전광역시 중구,D,3,293,3,368,3,341,7,353,6,353,2,374,-27,12,0,21,big_increase
대전광역시 중구,E,21,540,20,553,20,553,19,117,20,598,21,97,0,-436,481,-501,small_increase
대전광역시 중구,F,576,5997,626,6854,611,6852,464,6096,448,7473,536,6201,-2,-756,1377,-1272,small_decrease
대전광역시 중구,G,2471,11758,2331,11477,2439,11598,1906,9028,1677,8211,1713,8281,121,-2570,-817,70,small_increase
대전광역시 중구,H,148,3581,156,3695,165,3116,135,2966,136,2576,133,2569,-579,-150,-390,-7,small_increase
대전광역시 중구,I,1790,7687,1830,7754,2012,8362,1313,5396,1281,5177,1416,5910,608,-2966,-219,733,small_increase
대전광역시 중구,J,99,1247,91,1233,106,1206,101,1168,112,1332,157,1621,-27,-38,164,289,small_increase
대전광역시 중구,K,311,6113,301,5619,273,5937,256,5291,240,5923,229,4717,318,-646,632,-1206,small_increase
대전광역시 중구,L,277,1567,291,1689,319,1720,316,1680,266,1601,310,1605,31,-40,-79,4,small_increase
대전광역시 중구,M,270,1782,281,1836,291,1938,259,1569,261,1722,250,1541,102,-369,153,-181,small_increase
대전광역시 중구,N,314,9697,308,9544,341,7849,315,7247,287,7217,291,7761,-1695,-602,-30,544,small_increase
대전광역시 중구,P,515,4296,510,4276,507,4372,416,3896,390,3839,381,3697,96,-476,-57,-142,small_increase
대전광역시 중구,Q,848,13785,855,14347,837,15123,811,16310,801,17271,863,17896,776,1187,961,625,small_increase
대전광역시 중구,R,264,1598,294,1632,302,1619,181,1248,179,1178,197,1438,-13,-371,-70,260,small_increase
대전광역시 중구,S,1004,3114,1048,3145,1079,3420,930,2535,812,2546,831,2552,275,-885,11,6,small_increase
대전광역시 서구,A,7,341,9,296,7,346,10,209,9,180,12,183,50,-137,-29,3,big_increase
대전광역시 서구,B,0,0,0,0,0,0,0,0,0,0,0,0,0,0,0,0,big_increase
대전광역시 서구,C,444,2777,448,2900,494,3144,457,2751,437,2403,522,2854,244,-393,-348,451,small_increase
대전광역시 서구,D,11,329,11,321,8,354,18,395,13,355,9,148,33,41,-40,-207,big_increase
대전광역시 서구,E,23,145,27,147,23,144,25,141,25,197,27,197,-3,-3,56,0,big_increase
대전광역시 서구,F,928,11768,929,12243,934,13993,773,12889,745,12304,951,15273,1750,-1104,-585,2969,small_decrease
대전광역시 서구,G,4353,20584,4325,20900,4432,21479,3571,16255,3433,15923,3727,17493,579,-5224,-332,1570,small_increase
대전광역시 서구,H,153,2519,148,2546,179,2381,147,1987,147,1856,176,2363,-165,-394,-131,507,small_increase
대전광역시 서구,I,3419,16061,3477,16959,3750,17171,2742,12394,2921,12835,3199,14787,212,-4777,441,1952,small_decrease
대전광역시 서구,J,318,4647,322,4573,356,4813,364,4945,418,5521,549,5931,240,132,576,410,small_increase
대전광역시 서구,K,676,13335,667,13114,684,12919,640,11280,651,11030,665,11306,-195,-1639,-250,276,small_increase
대전광역시 서구,L,793,6217,828,5785,863,6011,852,5538,789,5464,891,5653,226,-473,-74,189,small_increase
대전광역시 서구,M,1028,7169,1046,7350,1129,8069,1149,8283,1151,8463,1257,8973,719,214,180,510,small_increase
대전광역시 서구,N,529,18347,540,15928,610,15959,539,14667,508,15583,571,16439,31,-1292,916,856,small_decrease
대전광역시 서구,P,1106,11703,1093,11583,1172,11859,1056,10404,977,9486,1053,10031,276,-1455,-918,545,small_increase
대전광역시 서구,Q,1652,19831,1631,20709,1666,22205,1615,23458,1528,22019,1633,23584,1496,1253,-1439,1565,small_increase
대전광역시 서구,R,492,2446,542,2740,622,2895,366,1933,366,1784,428,2002,155,-962,-149,218,small_increase
대전광역시 서구,S,1535,6514,1576,6372,1626,6005,1408,5094,1277,4525,1381,4859,-367,-911,-569,334,small_decrease
대전광역시 유성구,A,5,13,5,22,9,40,17,96,19,76,22,57,18,56,-20,-19,big_increase
대전광역시 유성구,B,1,5,1,3,1,2,2,2,5,9,3,5,-1,0,7,-4,big_increase
대전광역시 유성구,C,1131,19474,1197,20213,1370,21263,1327,21619,1545,22997,1641,25092,1050,356,1378,2095,small_increase
대전광역시 유성구,D,13,295,11,297,10,287,14,311,17,370,17,367,-10,24,59,-3,big_increase
대전광역시 유성구,E,19,255,14,234,18,242,23,727,29,472,30,809,8,485,-255,337,big_increase
대전광역시 유성구,F,669,10781,703,10725,786,12474,726,13010,889,14379,903,14691,1749,536,1369,312,small_increase
대전광역시 유성구,G,3034,14510,3008,14731,3212,15727,2973,19533,3618,17814,3696,18453,996,3806,-1719,639,small_increase
대전광역시 유성구,H,140,2283,151,2391,183,2429,154,1991,173,2454,182,2399,38,-438,463,-55,small_increase
대전광역시 유성구,I,3120,14519,3168,15310,3350,15300,2468,11950,2732,13235,2981,14610,-10,-3350,1285,1375,small_decrease
대전광역시 유성구,J,430,5923,457,6289,512,6758,554,7406,633,8510,757,9544,469,648,1104,1034,small_increase
대전광역시 유성구,K,150,1386,155,1441,168,1527,159,1473,168,1564,193,1599,86,-54,91,35,small_increase
대전광역시 유성구,L,482,2666,502,2709,573,2867,562,2757,685,3149,690,2907,158,-110,392,-242,small_increase
대전광역시 유성구,M,795,32037,869,31869,990,34179,1068,36389,1191,39202,1273,41234,2310,2210,2813,2032,small_increase
대전광역시 유성구,N,284,4897,282,4822,345,5372,323,6297,338,7097,358,7873,550,925,800,776,small_increase
대전광역시 유성구,P,707,8123,711,8145,770,8312,707,8324,699,8960,694,9127,167,12,636,167,small_increase
대전광역시 유성구,Q,1005,10371,993,11009,991,12065,969,12550,999,13384,1030,13699,1056,485,834,315,small_increase
대전광역시 유성구,R,320,1933,352,1999,383,2250,247,2108,277,1992,297,2078,251,-142,-116,86,small_increase
대전광역시 유성구,S,959,4000,984,4018,1038,4311,874,3819,949,3892,1040,4077,293,-492,73,185,small_increase
대전광역시 대덕구,A,0,0,0,0,0,0,3,17,4,25,5,13,0,17,8,-12,big_increase
대전광역시 대덕구,B,2,13,2,12,2,18,2,8,3,14,3,16,6,-10,6,2,big_increase
대전광역시 대덕구,C,1849,27326,1892,26924,1851,27181,1714,26885,1720,25936,1895,26888,257,-296,-949,952,small_increase
대전광역시 대덕구,D,7,100,3,141,4,330,4,83,10,102,6,136,189,-247,19,34,big_increase
대전광역시 대덕구,E,43,1642,43,1654,49,1802,43,2264,41,2494,46,2535,148,462,230,41,big_increase
대전광역시 대덕구,F,634,4565,659,4729,675,5060,537,5528,534,3995,655,4758,331,468,-1533,763,small_increase
대전광역시 대덕구,G,2497,11895,2393,11758,2462,12325,2291,11054,2141,10564,2252,11364,567,-1271,-490,800,small_decrease
대전광역시 대덕구,H,263,5135,262,4819,273,5221,244,5035,246,5015,260,5104,402,-186,-20,89,small_increase
대전광역시 대덕구,I,1234,4566,1141,4595,1167,4738,881,3508,907,3641,969,4076,143,-1230,133,435,small_increase
대전광역시 대덕구,J,41,433,39,382,39,350,40,327,47,392,77,434,-32,-23,65,42,big_increase
대전광역시 대덕구,K,101,960,100,882,90,802,84,748,76,667,89,737,-80,-54,-81,70,big_increase
대전광역시 대덕구,L,173,842,152,795,171,775,177,690,145,662,158,655,-20,-85,-28,-7,big_increase
대전광역시 대덕구,M,118,1390,128,1454,156,1697,147,2416,158,1645,187,2015,243,719,-771,370,big_increase
대전광역시 대덕구,N,143,4608,138,5221,160,5839,146,5864,149,5223,163,6798,618,25,-641,1575,small_increase
대전광역시 대덕구,P,332,3186,321,3201,310,2481,248,2312,219,2262,229,2589,-720,-169,-50,327,small_increase
대전광역시 대덕구,Q,534,6005,536,6626,530,7394,519,8314,466,7405,532,9362,768,920,-909,1957,small_increase
대전광역시 대덕구,R,163,574,174,632,163,683,111,467,108,522,121,512,51,-216,55,-10,big_increase
대전광역시 대덕구,S,742,3127,762,2983,777,3122,723,2628,641,2623,676,2608,139,-494,-5,-15,small_increase
울산광역시 중구,A,1,22,3,49,2,23,4,28,3,26,4,64,-26,5,-2,38,big_increase
울산광역시 중구,B,2,7,2,6,2,2,1,1,0,0,0,0,-4,-1,-1,0,big_increase
울산광역시 중구,C,339,1800,329,1826,349,1920,324,1810,307,1564,287,1580,94,-110,-246,16,small_increase
울산광역시 중구,D,2,55,1,58,1,56,2,41,5,47,3,43,-2,-15,6,-4,big_increase
울산광역시 중구,E,15,131,15,155,14,145,14,126,12,133,11,119,-10,-19,7,-14,big_increase
울산광역시 중구,F,476,4570,500,4752,511,4705,351,3427,340,2697,338,3056,-47,-1278,-730,359,small_increase
울산광역시 중구,G,1341,6031,1293,5946,1346,6155,1075,4427,1079,4401,1100,4713,209,-1728,-26,312,small_decrease
울산광역시 중구,H,100,1014,103,982,101,1107,76,789,85,1194,76,1043,125,-318,405,-151,small_increase
울산광역시 중구,I,1131,4345,1202,4781,1321,5058,860,3052,906,3237,926,3591,277,-2006,185,354,small_decrease
울산광역시 중구,J,45,591,49,636,66,752,69,776,89,1124,110,1111,116,24,348,-13,big_increase
울산광역시 중구,K,111,1844,112,2067,112,2177,106,2202,99,2081,104,1964,110,25,-121,-117,small_increase
울산광역시 중구,L,267,1344,253,1277,267,1128,236,950,257,1493,274,1345,-149,-178,543,-148,small_increase
울산광역시 중구,M,210,3401,231,3972,260,4164,238,4517,259,4589,293,4985,192,353,72,396,small_increase
울산광역시 중구,N,151,1538,157,1521,180,1791,146,1772,140,2061,150,2296,270,-19,289,235,small_increase
울산광역시 중구,P,415,2760,410,2952,432,3161,399,2613,356,2558,365,2934,209,-548,-55,376,small_increase
울산광역시 중구,Q,494,6200,510,6992,531,7560,514,7523,500,7386,525,8390,568,-37,-137,1004,small_increase
울산광역시 중구,R,189,901,208,1040,203,1041,155,572,163,795,179,825,1,-469,223,30,small_increase
울산광역시 중구,S,566,2034,561,1786,617,1871,538,1542,514,1513,531,1562,85,-329,-29,49,small_increase
울산광역시 남구,A,1,2,6,13,7,8,6,15,6,13,7,12,-5,7,-2,-1,big_increase
울산광역시 남구,B,1,42,3,50,4,50,2,2,3,40,3,32,0,-48,38,-8,big_increase
울산광역시 남구,C,931,27143,963,27440,1081,29394,996,28211,995,28176,1000,27869,1954,-1183,-35,-307,small_increase
울산광역시 남구,D,12,905,14,900,13,732,19,783,17,707,20,787,-168,51,-76,80,big_increase
울산광역시 남구,E,56,771,50,755,56,782,55,738,65,938,73,1089,27,-44,200,151,big_increase
울산광역시 남구,F,1097,18493,1039,18183,996,18368,763,16676,753,13911,795,14631,185,-1692,-2765,720,small_increase
울산광역시 남구,G,4070,18726,4056,18944,4058,18914,3113,13603,3238,14357,3295,14311,-30,-5311,754,-46,small_increase
울산광역시 남구,H,484,7434,505,7545,553,7546,485,6448,502,7106,511,7365,1,-1098,658,259,small_decrease
울산광역시 남구,I,3788,15934,3583,15892,3766,15736,2450,10849,2461,10461,2546,11168,-156,-4887,-388,707,small_decrease
울산광역시 남구,J,126,1770,133,1731,136,1759,127,1544,136,1573,165,1602,28,-215,29,29,small_increase
울산광역시 남구,K,523,10875,506,10056,483,8883,438,8113,444,8263,456,8278,-1173,-770,150,15,small_increase
울산광역시 남구,L,734,5506,706,4513,755,3750,701,2936,705,3843,733,3755,-763,-814,907,-88,small_decrease
울산광역시 남구,M,800,6696,842,6872,887,7249,862,6897,853,7276,916,7621,377,-352,379,345,small_increase
울산광역시 남구,N,498,10630,507,10549,532,10228,458,9079,458,9668,469,9282,-321,-1149,589,-386,small_decrease
울산광역시 남구,P,1012,7814,950,7692,945,7544,811,6896,762,6036,738,6127,-148,-648,-860,91,small_increase
울산광역시 남구,Q,1033,12203,1001,12319,1021,12974,1014,13708,996,14087,1030,14340,655,734,379,253,small_increase
울산광역시 남구,R,433,1844,439,2049,464,2199,284,1396,271,1272,296,1466,150,-803,-124,194,small_increase
울산광역시 남구,S,1134,4306,1123,4632,1165,4780,933,3506,981,3578,1036,3584,148,-1274,72,6,small_increase
울산광역시 동구,A,0,0,0,0,0,0,1,7,1,7,1,7,0,7,0,0,big_increase
울산광역시 동구,B,0,0,0,0,0,0,0,0,0,0,0,0,0,0,0,0,big_increase
울산광역시 동구,C,397,45484,364,43831,406,39878,342,37752,337,39837,380,38492,-3953,-2126,2085,-1345,small_decrease
울산광역시 동구,D,0,0,0,0,0,0,0,0,0,0,0,0,0,0,0,0,big_increase
울산광역시 동구,E,5,86,3,51,4,80,6,109,12,136,13,173,29,29,27,37,big_increase
울산광역시 동구,F,89,1435,90,889,108,1025,74,542,85,677,104,871,136,-483,135,194,small_increase
울산광역시 동구,G,645,3136,649,3101,724,3349,532,2257,555,2600,627,2896,248,-1092,343,296,small_decrease
울산광역시 동구,H,21,485,22,603,35,650,32,634,27,800,27,868,47,-16,166,68,big_increase
울산광역시 동구,I,1021,5405,998,5338,1074,5600,661,3832,775,3830,853,4366,262,-1768,-2,536,small_decrease
울산광역시 동구,J,14,138,15,124,16,84,21,129,18,140,30,208,-40,45,11,68,big_increase
울산광역시 동구,K,80,1058,81,1047,72,948,69,954,68,923,69,905,-99,6,-31,-18,big_increase
울산광역시 동구,L,130,494,117,460,121,466,99,294,113,373,115,370,6,-172,79,-3,big_increase
울산광역시 동구,M,54,2131,58,1967,62,1831,61,1964,75,2339,84,2504,-136,133,375,165,small_increase
울산광역시 동구,N,59,575,54,734,62,731,53,665,63,667,66,797,-3,-66,2,130,big_increase
울산광역시 동구,P,263,2091,243,2047,262,2042,234,1827,230,1809,243,1829,-5,-215,-18,20,small_increase
울산광역시 동구,Q,379,5713,381,6097,367,6347,362,6553,349,7191,361,7334,250,206,638,143,small_increase
울산광역시 동구,R,120,648,124,659,137,696,73,329,81,401,76,367,37,-367,72,-34,big_increase
울산광역시 동구,S,253,812,237,770,266,845,214,600,227,614,249,685,75,-245,14,71,big_increase
울산광역시 북구,A,1,8,3,12,4,13,4,20,6,34,6,34,1,7,14,0,big_increase
울산광역시 북구,B,1,8,1,4,1,5,1,4,1,4,1,3,1,-1,0,-1,big_increase
울산광역시 북구,C,1121,54892,1121,54973,1171,54727,1106,52303,1170,53394,1215,55379,-246,-2424,1091,1985,small_increase
울산광역시 북구,D,2,341,2,298,3,297,3,280,3,277,3,341,-1,-17,-3,64,big_increase
울산광역시 북구,E,13,108,14,118,16,144,13,138,18,157,18,160,26,-6,19,3,big_increase
울산광역시 북구,F,205,2027,232,2291,238,2396,204,2556,263,2908,279,2900,105,160,352,-8,small_increase
울산광역시 북구,G,1426,7215,1410,7333,1396,7261,1172,5600,1342,6584,1305,6588,-72,-1661,984,4,small_decrease
울산광역시 북구,H,157,3748,168,3449,179,3154,165,2524,200,3945,202,4074,-295,-630,1421,129,small_increase
울산광역시 북구,I,1113,5178,1139,5607,1309,6076,912,4506,1031,4949,1139,5718,469,-1570,443,769,small_decrease
울산광역시 북구,J,19,73,22,116,26,138,25,97,28,169,32,200,22,-41,72,31,big_increase
울산광역시 북구,K,88,843,83,802,78,774,74,707,77,735,77,732,-28,-67,28,-3,big_increase
울산광역시 북구,L,237,932,215,1045,240,1105,203,802,261,956,270,963,60,-303,154,7,small_increase
울산광역시 북구,M,116,1393,125,1314,131,1418,137,1163,147,1593,147,1610,104,-255,430,17,small_increase
울산광역시 북구,N,123,2512,126,2605,124,2101,121,2792,142,3550,145,2908,-504,691,758,-642,small_increase
울산광역시 북구,P,356,2179,369,2286,422,2530,367,2035,388,2043,414,2145,244,-495,8,102,small_increase
울산광역시 북구,Q,428,4384,441,4846,467,5142,474,5445,488,5943,500,6375,296,303,498,432,small_increase
울산광역시 북구,R,144,567,149,629,158,668,110,435,131,506,160,733,39,-233,71,227,big_increase
울산광역시 북구,S,367,1784,384,1960,418,2034,360,1785,402,2136,419,2053,74,-249,351,-83,small_increase
울산광역시 울주군,A,16,70,20,107,21,131,35,209,37,194,50,264,24,78,-15,70,big_increase
울산광역시 울주군,B,12,237,15,279,12,260,11,267,10,229,10,224,-19,7,-38,-5,big_increase
울산광역시 울주군,C,2019,44969,2069,45321,2271,48072,2269,46210,2263,44548,2506,46634,2751,-1862,-1662,2086,small_increase
울산광역시 울주군,D,8,1079,7,1197,10,1195,12,1241,13,1448,12,1490,-2,46,207,42,small_increase
울산광역시 울주군,E,65,679,76,724,89,828,88,742,89,828,98,931,104,-86,86,103,big_increase
울산광역시 울주군,F,687,8837,690,9459,716,10199,673,9975,768,9559,876,10802,740,-224,-416,1243,small_increase
울산광역시 울주군,G,1307,6413,1325,6543,1473,7203,1255,5971,1313,6066,1372,6271,660,-1232,95,205,small_decrease
울산광역시 울주군,H,249,5360,263,5109,287,4832,262,4835,317,4967,317,5081,-277,3,132,114,small_increase
울산광역시 울주군,I,1434,5583,1517,6058,1646,6470,1126,4487,1184,4790,1293,5321,412,-1983,303,531,small_decrease
울산광역시 울주군,J,29,189,33,239,43,275,44,307,42,314,51,361,36,32,7,47,big_increase
울산광역시 울주군,K,72,854,72,840,74,826,71,807,75,872,78,812,-14,-19,65,-60,big_increase
울산광역시 울주군,L,221,752,219,769,248,834,225,724,238,963,259,927,65,-110,239,-36,big_increase
울산광역시 울주군,M,105,1141,112,1253,128,1343,126,1275,153,1448,187,1725,90,-68,173,277,small_increase
울산광역시 울주군,N,241,2825,232,2825,253,3019,225,3189,205,2637,254,3188,194,170,-552,551,small_increase
울산광역시 울주군,P,355,3232,342,3248,367,3460,327,3309,313,3362,340,3397,212,-151,53,35,small_increase
울산광역시 울주군,Q,430,5726,442,5862,459,5923,455,6451,455,6461,500,7036,61,528,10,575,small_increase
울산광역시 울주군,R,158,1023,170,1040,183,1076,116,670,130,879,155,994,36,-406,209,115,small_increase
울산광역시 울주군,S,453,1950,491,1686,539,1807,490,1514,468,1499,491,1629,121,-293,-15,130,small_increase
세종특별자치시 세종시,A,9,60,15,70,25,126,28,115,37,181,50,244,56,-11,66,63,big_increase
세종특별자치시 세종시,B,9,122,9,116,9,114,8,112,8,83,6,122,-2,-2,-29,39,big_increase
세종특별자치시 세종시,C,791,18673,891,19429,956,20070,958,19080,1036,20031,1115,21482,641,-990,951,1451,small_increase
세종특별자치시 세종시,D,9,360,10,479,11,541,10,614,15,543,13,426,62,73,-71,-117,big_increase
세종특별자치시 세종시,E,51,452,59,557,63,592,59,641,67,703,75,699,35,49,62,-4,big_increase
세종특별자치시 세종시,F,410,3660,461,6233,511,6106,495,5565,683,7511,759,6780,-127,-541,1946,-731,small_increase
세종특별자치시 세종시,G,1214,5674,1365,6956,1576,7229,1475,6927,1766,8311,1944,8779,273,-302,1384,468,small_increase
세종특별자치시 세종시,H,112,2200,124,2808,147,3099,143,2662,166,3153,194,3364,291,-437,491,211,small_increase
세종특별자치시 세종시,I,1691,7239,1935,8620,2317,9839,1895,7945,2198,9206,2361,10043,1219,-1894,1261,837,small_decrease
세종특별자치시 세종시,J,85,615,120,864,167,983,185,1253,252,1964,349,2514,119,270,711,550,small_increase
세종특별자치시 세종시,K,141,1366,159,1782,180,1960,173,2072,195,2244,209,2283,178,112,172,39,small_increase
세종특별자치시 세종시,L,675,3331,767,3418,842,3798,748,3113,1002,4067,1089,3925,380,-685,954,-142,small_decrease
세종특별자치시 세종시,M,267,5697,319,5995,421,6609,480,7317,589,8187,708,8820,614,708,870,633,small_increase
세종특별자치시 세종시,N,224,3806,249,4456,305,4070,284,3843,348,4984,389,4982,-386,-227,1141,-2,small_increase
세종특별자치시 세종시,P,532,4480,648,5037,816,5694,766,5638,886,6973,1006,6972,657,-56,1335,-1,small_increase
세종특별자치시 세종시,Q,644,6624,783,8902,847,10033,863,11227,912,12546,981,13613,1131,1194,1319,1067,small_increase
세종특별자치시 세종시,R,218,1162,263,1391,307,1578,230,1402,317,1848,350,2133,187,-176,446,285,small_increase
세종특별자치시 세종시,S,586,1988,728,2586,792,2855,726,2596,850,3277,914,3385,269,-259,681,108,small_increase
수원시,A,205,252,221,210,226,248,205,252,221,210,226,248,38,4,-42,38,big_increase
수원시,B,0,0,0,0,0,5,0,0,0,0,0,5,5,-5,0,5,big_increase
수원시,C,40880,46281,36448,33668,35169,36702,40880,46281,36448,33668,35169,36702,3034,9579,-12613,3034,small_increase
수원시,D,652,683,533,616,802,578,652,683,533,616,802,578,-38,105,-67,-38,big_increase
수원시,E,823,829,967,865,1007,1116,823,829,967,865,1007,1116,251,-287,36,251,small_increase
수원시,F,23468,24253,24966,21434,19676,21152,23468,24253,24966,21434,19676,21152,-282,3101,-2819,-282,small_increase
수원시,G,46590,47836,47743,39505,43813,45075,46590,47836,47743,39505,43813,45075,5570,2761,-8331,5570,small_increase
수원시,H,11731,11414,11843,9673,10133,10866,11731,11414,11843,9673,10133,10866,1193,548,-1741,1193,small_increase
수원시,I,38293,40437,41310,29415,31910,37024,38293,40437,41310,29415,31910,37024,7609,3413,-11022,7609,small_increase
수원시,J,5517,5144,5055,4535,5579,6611,5517,5144,5055,4535,5579,6611,2076,-1467,-609,2076,small_decrease
수원시,K,14752,14831,14214,13342,14187,13513,14752,14831,14214,13342,14187,13513,171,1318,-1489,171,small_increase
수원시,L,9342,9737,9620,8673,10239,10335,9342,9737,9620,8673,10239,10335,1662,-598,-1064,1662,small_increase
수원시,M,44178,54842,55113,55865,59263,60797,44178,54842,55113,55865,59263,60797,4932,-5955,1023,4932,small_increase
수원시,N,32618,32238,33664,32734,35102,36828,32618,32238,33664,32734,35102,36828,4094,-4590,496,4094,small_increase
수원시,P,23920,24398,23912,21034,20523,22025,23920,24398,23912,21034,20523,22025,991,2373,-3364,991,small_increase
수원시,Q,38302,41019,43383,45985,46410,50141,38302,41019,43383,45985,46410,50141,4156,-9122,4966,4156,small_increase
수원시,R,6201,6475,6667,4453,4958,5779,6201,6475,6667,4453,4958,5779,1326,696,-2022,1326,small_increase
수원시,S,13222,13757,13850,10938,11714,11959,13222,13757,13850,10938,11714,11959,1021,1798,-2819,1021,small_increase
성남시,A,93,116,95,94,106,97,93,116,95,94,106,97,3,19,-22,3,big_increase
성남시,B,0,0,0,0,0,0,0,0,0,0,0,0,0,0,0,0,big_increase
성남시,C,38166,38212,38970,36565,36803,37619,38166,38212,38970,36565,36803,37619,1054,593,-1647,1054,small_increase
성남시,D,970,1090,1293,1287,1333,1325,970,1090,1293,1287,1333,1325,38,-235,197,38,small_increase
성남시,E,1551,1669,1560,1498,1581,1395,1551,1669,1560,1498,1581,1395,-103,274,-171,-103,big_increase
성남시,F,33576,29838,27477,25575,32489,28663,33576,29838,27477,25575,32489,28663,3088,1175,-4263,3088,small_increase
성남시,G,59888,65593,62696,55129,57175,57698,59888,65593,62696,55129,57175,57698,2569,7895,-10464,2569,small_increase
성남시,H,10137,9812,9925,8254,9079,9190,10137,9812,9925,8254,9079,9190,936,622,-1558,936,small_increase
성남시,I,35328,36490,35475,27518,28970,31427,35328,36490,35475,27518,28970,31427,3909,5063,-8972,3909,small_increase
성남시,J,53687,57574,61188,68616,83684,86977,53687,57574,61188,68616,83684,86977,18361,-29403,11042,18361,small_increase
성남시,K,11263,12074,12293,12271,14108,13947,11263,12074,12293,12271,14108,13947,1676,-1873,197,1676,small_decrease
성남시,L,12443,12793,13133,12244,13179,13320,12443,12793,13133,12244,13179,13320,1076,-527,-549,1076,small_increase
성남시,M,39005,39740,41085,41615,46102,51101,39005,39740,41085,41615,46102,51101,9486,-11361,1875,9486,small_increase
성남시,N,23899,24448,28098,25114,27856,29344,23899,24448,28098,25114,27856,29344,4230,-4896,666,4230,small_increase
성남시,P,23918,24504,23641,20692,20992,22372,23918,24504,23641,20692,20992,22372,1680,2132,-3812,1680,small_increase
성남시,Q,34493,36389,37692,40440,42313,44872,34493,36389,37692,40440,42313,44872,4432,-8483,4051,4432,small_increase
성남시,R,5892,6206,6181,4306,4927,5436,5892,6206,6181,4306,4927,5436,1130,770,-1900,1130,small_increase
성남시,S,13031,13168,12748,10653,11274,12257,13031,13168,12748,10653,11274,12257,1604,911,-2515,1604,small_increase
의정부시,A,21,21,16,38,45,38,21,21,16,38,45,38,0,-17,17,0,big_increase
의정부시,B,47,48,47,43,42,47,47,48,47,43,42,47,4,1,-5,4,big_increase
의정부시,C,7014,6468,6446,5892,5410,4747,7014,6468,6446,5892,5410,4747,-1145,1721,-576,-1145,big_increase
의정부시,D,664,636,634,642,653,680,664,636,634,642,653,680,38,-44,6,38,big_increase
의정부시,E,465,508,413,399,464,455,465,508,413,399,464,455,56,53,-109,56,big_increase
의정부시,F,4971,5356,5950,4100,4674,4358,4971,5356,5950,4100,4674,4358,258,998,-1256,258,small_increase
의정부시,G,16045,15700,15813,12249,13971,14238,16045,15700,15813,12249,13971,14238,1989,1462,-3451,1989,small_increase
의정부시,H,3235,3246,3405,3146,3088,3496,3235,3246,3405,3146,3088,3496,350,-250,-100,350,small_increase
의정부시,I,12486,13128,13458,9464,10064,11505,12486,13128,13458,9464,10064,11505,2041,1623,-3664,2041,small_increase
의정부시,J,937,935,813,620,820,827,937,935,813,620,820,827,207,108,-315,207,big_increase
의정부시,K,5092,4794,4805,4359,4790,4564,5092,4794,4805,4359,4790,4564,205,230,-435,205,small_increase
의정부시,L,2520,2831,3228,2514,2780,2748,2520,2831,3228,2514,2780,2748,234,83,-317,234,small_increase
의정부시,M,3976,4053,4310,3579,3934,4024,3976,4053,4310,3579,3934,4024,445,29,-474,445,small_increase
의정부시,N,3405,3302,3346,2966,3953,5177,3405,3302,3346,2966,3953,5177,2211,-1875,-336,2211,small_decrease
의정부시,P,6845,7103,6931,5788,6225,6724,6845,7103,6931,5788,6225,6724,936,379,-1315,936,small_increase
의정부시,Q,15968,17297,18114,19040,20509,22322,15968,17297,18114,19040,20509,22322,3282,-5025,1743,3282,small_increase
의정부시,R,2004,2310,2312,1538,1486,1756,2004,2310,2312,1538,1486,1756,218,554,-772,218,big_increase
의정부시,S,4749,4803,4578,3373,3322,3572,4749,4803,4578,3373,3322,3572,199,1231,-1430,199,big_increase
안양시,A,3,6,3,4,11,12,3,6,3,4,11,12,8,-6,-2,8,big_increase
안양시,B,55,54,53,50,45,32,55,54,53,50,45,32,-18,22,-4,-18,big_increase
안양시,C,33845,33751,33986,31841,32279,31924,33845,33751,33986,31841,32279,31924,83,1827,-1910,83,small_increase
안양시,D,254,247,222,267,243,365,254,247,222,267,243,365,98,-118,20,98,big_increase
안양시,E,558,673,728,712,824,863,558,673,728,712,824,863,151,-190,39,151,big_increase
안양시,F,19657,20752,21129,17749,19264,19412,19657,20752,21129,17749,19264,19412,1663,1340,-3003,1663,small_increase
안양시,G,33398,33575,33638,27288,30971,30498,33398,33575,33638,27288,30971,30498,3210,3077,-6287,3210,small_increase
안양시,H,7496,7506,8161,5959,5915,5868,7496,7506,8161,5959,5915,5868,-91,1638,-1547,-91,big_increase
안양시,I,19579,20120,19993,13435,14418,16036,19579,20120,19993,13435,14418,16036,2601,4084,-6685,2601,small_increase
안양시,J,8197,8702,8818,8247,10235,10490,8197,8702,8818,8247,10235,10490,2243,-1788,-455,2243,small_decrease
안양시,K,9091,8690,8532,6891,7625,7588,9091,8690,8532,6891,7625,7588,697,1102,-1799,697,small_increase
안양시,L,6365,6515,7120,6299,6060,6157,6365,6515,7120,6299,6060,6157,-142,358,-216,-142,small_increase
안양시,M,22569,23749,24860,24572,27179,27118,22569,23749,24860,24572,27179,27118,2546,-3369,823,2546,small_increase
안양시,N,14927,15112,15829,16649,19187,19443,14927,15112,15829,16649,19187,19443,2794,-4331,1537,2794,small_increase
안양시,P,12727,12453,13256,10955,11523,12010,12727,12453,13256,10955,11523,12010,1055,443,-1498,1055,small_increase
안양시,Q,18768,19050,19858,20125,20131,21647,18768,19050,19858,20125,20131,21647,1522,-2597,1075,1522,small_increase
안양시,R,2712,3161,3298,1906,2071,2395,2712,3161,3298,1906,2071,2395,489,766,-1255,489,big_increase
안양시,S,7008,6781,6670,5455,5474,5735,7008,6781,6670,5455,5474,5735,280,1046,-1326,280,small_increase
부천시,A,31,35,0,1,11,26,31,35,0,1,11,26,25,9,-34,25,big_increase
부천시,B,0,0,0,0,0,0,0,0,0,0,0,0,0,0,0,0,big_increase
부천시,C,67905,66670,65079,59283,59294,59413,67905,66670,65079,59283,59294,59413,130,7257,-7387,130,small_increase
부천시,D,215,207,200,215,223,241,215,207,200,215,223,241,26,-34,8,26,big_increase
부천시,E,1438,1416,1363,1283,1651,1541,1438,1416,1363,1283,1651,1541,258,-125,-133,258,big_increase
부천시,F,16046,17914,17970,14835,15769,16072,16046,17914,17970,14835,15769,16072,1237,1842,-3079,1237,small_increase
부천시,G,33817,34128,34216,28035,30786,30731,33817,34128,34216,28035,30786,30731,2696,3397,-6093,2696,small_increase
부천시,H,5347,5651,5792,5274,5411,5502,5347,5651,5792,5274,5411,5502,228,149,-377,228,small_increase
부천시,I,22305,23553,24055,16273,17514,19363,22305,23553,24055,16273,17514,19363,3090,4190,-7280,3090,small_increase
부천시,J,3053,3328,3287,3317,3689,4036,3053,3328,3287,3317,3689,4036,719,-708,-11,719,small_decrease
부천시,K,10065,10186,9231,9498,9593,9326,10065,10186,9231,9498,9593,9326,-172,860,-688,-172,small_increase
부천시,L,5954,6435,7419,6501,7245,6329,5954,6435,7419,6501,7245,6329,-172,106,66,-172,small_increase
부천시,M,6673,7147,7528,7425,8060,8303,6673,7147,7528,7425,8060,8303,878,-1156,278,878,small_decrease
부천시,N,17357,18278,17866,18386,17415,19033,17357,18278,17866,18386,17415,19033,647,-755,108,647,small_increase
부천시,P,11988,12497,11645,10797,11189,11266,11988,12497,11645,10797,11189,11266,469,1231,-1700,469,small_increase
부천시,Q,27803,30094,30611,31183,33694,35066,27803,30094,30611,31183,33694,35066,3883,-4972,1089,3883,small_increase
부천시,R,3850,4107,4169,2282,2504,2977,3850,4107,4169,2282,2504,2977,695,1130,-1825,695,big_increase
부천시,S,8703,8608,8746,6537,6690,7226,8703,8608,8746,6537,6690,7226,689,1382,-2071,689,small_increase
광명시,A,2,0,0,0,12,13,2,0,0,0,12,13,13,-13,0,13,big_increase
광명시,B,0,0,0,0,0,0,0,0,0,0,0,0,0,0,0,0,big_increase
광명시,C,13933,14759,14255,13389,14285,15267,13933,14759,14255,13389,14285,15267,1878,-508,-1370,1878,small_increase
광명시,D,87,93,89,100,100,97,87,93,89,100,100,97,-3,-4,7,-3,big_increase
광명시,E,273,331,320,285,324,295,273,331,320,285,324,295,10,36,-46,10,big_increase
광명시,F,4744,4860,5623,4890,7200,6871,4744,4860,5623,4890,7200,6871,1981,-2011,30,1981,small_decrease
광명시,G,14631,14747,13811,11534,13852,13747,14631,14747,13811,11534,13852,13747,2213,1000,-3213,2213,small_increase
광명시,H,3539,3428,3244,2722,3147,3296,3539,3428,3244,2722,3147,3296,574,132,-706,574,small_increase
광명시,I,8249,8295,8715,6312,6623,7656,8249,8295,8715,6312,6623,7656,1344,639,-1983,1344,small_increase
광명시,J,575,583,529,525,816,1671,575,583,529,525,816,1671,1146,-1088,-58,1146,small_decrease
광명시,K,2442,2224,2161,2052,1967,1887,2442,2224,2161,2052,1967,1887,-165,337,-172,-165,big_increase
광명시,L,2192,2104,2222,2328,2465,2579,2192,2104,2222,2328,2465,2579,251,-475,224,251,small_increase
광명시,M,2201,2096,2147,2155,2732,3230,2201,2096,2147,2155,2732,3230,1075,-1134,59,1075,small_decrease
광명시,N,3759,5637,5090,4444,5140,4861,3759,5637,5090,4444,5140,4861,417,776,-1193,417,small_increase
광명시,P,4263,4232,4482,3478,3561,4077,4263,4232,4482,3478,3561,4077,599,155,-754,599,small_increase
광명시,Q,8754,9096,9519,9900,10506,11895,8754,9096,9519,9900,10506,11895,1995,-2799,804,1995,small_decrease
광명시,R,1839,1821,1989,1787,1866,2017,1839,1821,1989,1787,1866,2017,230,-196,-34,230,small_increase
광명시,S,2776,2855,2717,2107,2466,2313,2776,2855,2717,2107,2466,2313,206,542,-748,206,big_increase
평택시,A,507,539,730,708,790,665,507,539,730,708,790,665,-43,-126,169,-43,big_increase
평택시,B,38,43,42,36,47,42,38,43,42,36,47,42,6,1,-7,6,big_increase
평택시,C,88239,91585,84340,86800,91709,96640,88239,91585,84340,86800,91709,96640,9840,-5055,-4785,9840,small_increase
평택시,D,982,1131,1204,1148,1227,1299,982,1131,1204,1148,1227,1299,151,-168,17,151,big_increase
평택시,E,1288,1409,1498,1560,1741,1837,1288,1409,1498,1560,1741,1837,277,-428,151,277,small_increase
평택시,F,10013,11103,13458,12892,15780,15886,10013,11103,13458,12892,15780,15886,2994,-4783,1789,2994,small_decrease
평택시,G,18436,19498,20801,17109,18827,19342,18436,19498,20801,17109,18827,19342,2233,156,-2389,2233,small_increase
평택시,H,9813,10621,11017,10337,11177,11129,9813,10621,11017,10337,11177,11129,792,-508,-284,792,small_increase
평택시,I,16341,17128,19203,13479,14563,17530,16341,17128,19203,13479,14563,17530,4051,-402,-3649,4051,small_increase
평택시,J,762,726,613,485,594,663,762,726,613,485,594,663,178,63,-241,178,big_increase
평택시,K,3923,3861,3946,3676,3717,3638,3923,3861,3946,3676,3717,3638,-38,223,-185,-38,small_increase
평택시,L,2526,2994,3164,2750,3460,3634,2526,2994,3164,2750,3460,3634,884,-640,-244,884,small_increase
평택시,M,4470,4212,4447,4649,5609,6109,4470,4212,4447,4649,5609,6109,1460,-1897,437,1460,small_decrease
평택시,N,9060,9056,8744,9250,11125,12370,9060,9056,8744,9250,11125,12370,3120,-3314,194,3120,small_decrease
평택시,P,6176,6309,6691,6050,6205,6513,6176,6309,6691,6050,6205,6513,463,-204,-259,463,small_increase
평택시,Q,12064,12936,14413,15550,16609,18261,12064,12936,14413,15550,16609,18261,2711,-5325,2614,2711,small_increase
평택시,R,1731,1845,2015,1290,1322,1614,1731,1845,2015,1290,1322,1614,324,231,-555,324,big_increase
평택시,S,5251,5388,5855,4689,4240,4578,5251,5388,5855,4689,4240,4578,-111,810,-699,-111,small_increase
동두천시,A,10,4,2,13,18,24,10,4,2,13,18,24,11,-20,9,11,big_increase
동두천시,B,0,0,0,0,0,0,0,0,0,0,0,0,0,0,0,0,big_increase
동두천시,C,5659,5466,5216,4587,4645,4627,5659,5466,5216,4587,4645,4627,40,839,-879,40,small_increase
동두천시,D,232,220,210,176,88,179,232,220,210,176,88,179,3,41,-44,3,big_increase
동두천시,E,284,288,313,330,354,380,284,288,313,330,354,380,50,-92,42,50,big_increase
동두천시,F,905,962,1052,880,1072,1033,905,962,1052,880,1072,1033,153,-71,-82,153,big_increase
동두천시,G,2328,2337,2600,2007,2122,2155,2328,2337,2600,2007,2122,2155,148,182,-330,148,big_increase
동두천시,H,673,674,693,480,716,779,673,674,693,480,716,779,299,-105,-194,299,big_increase
동두천시,I,2639,2659,3115,2143,2329,2486,2639,2659,3115,2143,2329,2486,343,173,-516,343,small_increase
동두천시,J,68,61,78,29,63,78,68,61,78,29,63,78,49,-17,-32,49,big_increase
동두천시,K,867,720,752,649,722,727,867,720,752,649,722,727,78,-7,-71,78,big_increase
동두천시,L,432,427,516,490,462,492,432,427,516,490,462,492,2,-65,63,2,big_increase
동두천시,M,177,199,195,223,204,241,177,199,195,223,204,241,18,-42,24,18,big_increase
동두천시,N,240,202,269,202,376,362,240,202,269,202,376,362,160,-160,0,160,big_increase
동두천시,P,1341,1290,1484,1473,1341,1245,1341,1290,1484,1473,1341,1245,-228,45,183,-228,small_increase
동두천시,Q,4263,4318,4296,4473,4552,5046,4263,4318,4296,4473,4552,5046,573,-728,155,573,small_decrease
동두천시,R,421,464,444,360,374,404,421,464,444,360,374,404,44,60,-104,44,big_increase
동두천시,S,950,921,959,885,859,848,950,921,959,885,859,848,-37,73,-36,-37,big_increase
안산시,A,90,108,96,115,165,149,90,108,96,115,165,149,34,-41,7,34,big_increase
안산시,B,39,19,41,27,28,50,39,19,41,27,28,50,23,-31,8,23,big_increase
안산시,C,126784,123777,121562,116404,117358,113882,126784,123777,121562,116404,117358,113882,-2522,9895,-7373,-2522,small_increase
안산시,D,556,575,619,705,767,757,556,575,619,705,767,757,52,-182,130,52,big_increase
안산시,E,1530,1722,1648,1708,1836,1840,1530,1722,1648,1708,1836,1840,132,-118,-14,132,small_increase
안산시,F,13660,15393,13971,12372,12444,13955,13660,15393,13971,12372,12444,13955,1583,1438,-3021,1583,small_increase
안산시,G,28689,29030,28472,23799,24454,25693,28689,29030,28472,23799,24454,25693,1894,3337,-5231,1894,small_increase
안산시,H,7083,7653,8335,6174,6587,6085,7083,7653,8335,6174,6587,6085,-89,1568,-1479,-89,big_increase
안산시,I,19041,20001,20762,14211,14709,17438,19041,20001,20762,14211,14709,17438,3227,2563,-5790,3227,small_increase
안산시,J,1189,1168,1034,1104,1395,1537,1189,1168,1034,1104,1395,1537,433,-369,-64,433,small_increase
안산시,K,6524,7010,7347,6954,6887,6937,6524,7010,7347,6954,6887,6937,-17,73,-56,-17,small_increase
안산시,L,3901,4145,4331,4487,5225,5328,3901,4145,4331,4487,5225,5328,841,-1183,342,841,small_decrease
안산시,M,8220,8507,8424,8914,9779,9907,8220,8507,8424,8914,9779,9907,993,-1400,407,993,small_decrease
안산시,N,14173,12178,12260,12931,9476,12399,14173,12178,12260,12931,9476,12399,-532,-221,753,-532,small_increase
안산시,P,11048,11307,10915,9850,9662,9402,11048,11307,10915,9850,9662,9402,-448,1905,-1457,-448,small_increase
안산시,Q,22380,22676,25199,26025,26460,28257,22380,22676,25199,26025,26460,28257,2232,-5581,3349,2232,small_increase
안산시,R,3272,3445,3522,2305,2593,2946,3272,3445,3522,2305,2593,2946,641,499,-1140,641,big_increase
안산시,S,6771,7233,6823,5514,5368,5638,6771,7233,6823,5514,5368,5638,124,1595,-1719,124,big_increase
고양시,A,151,152,130,133,211,262,151,152,130,133,211,262,129,-110,-19,129,big_increase
고양시,B,0,0,0,21,21,18,0,0,0,21,21,18,-3,-18,21,-3,big_increase
고양시,C,30570,30787,30514,27580,27031,28539,30570,30787,30514,27580,27031,28539,959,2248,-3207,959,small_increase
고양시,D,523,567,595,596,660,645,523,567,595,596,660,645,49,-78,29,49,big_increase
고양시,E,1471,1568,1733,1726,2010,1930,1471,1568,1733,1726,2010,1930,204,-362,158,204,small_increase
고양시,F,18816,21143,20037,17269,20361,20151,18816,21143,20037,17269,20361,20151,2882,992,-3874,2882,small_increase
고양시,G,54712,56439,55734,47293,51314,50162,54712,56439,55734,47293,51314,50162,2869,6277,-9146,2869,small_increase
고양시,H,12152,12594,12807,13933,15734,15312,12152,12594,12807,13933,15734,15312,1379,-2718,1339,1379,small_increase
고양시,I,29723,30700,31476,24168,25833,28318,29723,30700,31476,24168,25833,28318,4150,2382,-6532,4150,small_increase
고양시,J,5645,5769,5525,5255,6545,7025,5645,5769,5525,5255,6545,7025,1770,-1256,-514,1770,small_decrease
고양시,K,8067,7816,8225,7300,7398,7540,8067,7816,8225,7300,7398,7540,240,276,-516,240,small_increase
고양시,L,8683,9125,9140,8091,9522,10027,8683,9125,9140,8091,9522,10027,1936,-902,-1034,1936,small_decrease
고양시,M,8612,9609,10396,10385,11623,11951,8612,9609,10396,10385,11623,11951,1566,-2342,776,1566,small_decrease
고양시,N,13275,14182,14211,12271,13718,15238,13275,14182,14211,12271,13718,15238,2967,-1056,-1911,2967,small_decrease
고양시,P,16164,16569,16635,14119,14526,15173,16164,16569,16635,14119,14526,15173,1054,1396,-2450,1054,small_increase
고양시,Q,34292,37781,39976,41671,44338,47096,34292,37781,39976,41671,44338,47096,5425,-9315,3890,5425,small_increase
고양시,R,7422,7601,7244,5276,5719,6370,7422,7601,7244,5276,5719,6370,1094,1231,-2325,1094,small_increase
고양시,S,13077,13116,13173,10753,10795,11089,13077,13116,13173,10753,10795,11089,336,2027,-2363,336,small_increase
과천시,A,26,20,18,20,41,26,26,20,18,20,41,26,6,-6,0,6,big_increase
과천시,B,0,0,0,0,0,0,0,0,0,0,0,0,0,0,0,0,big_increase
과천시,C,341,274,257,292,325,357,341,274,257,292,325,357,65,-83,18,65,big_increase
과천시,D,0,0,2,2,1,7,0,0,2,2,1,7,5,-7,2,5,big_increase
과천시,E,254,299,317,321,126,368,254,299,317,321,126,368,47,-69,22,47,big_increase
과천시,F,2600,2383,2316,2128,2838,2539,2600,2383,2316,2128,2838,2539,411,-156,-255,411,small_increase
과천시,G,4227,3504,3411,2948,3498,3420,4227,3504,3411,2948,3498,3420,472,84,-556,472,small_increase
과천시,H,675,680,610,472,517,474,675,680,610,472,517,474,2,206,-208,2,big_increase
과천시,I,2026,2137,2063,1740,1934,2183,2026,2137,2063,1740,1934,2183,443,-46,-397,443,small_increase
과천시,J,1799,1439,1196,1040,1114,1699,1799,1439,1196,1040,1114,1699,659,-260,-399,659,small_increase
과천시,K,648,684,565,626,562,568,648,684,565,626,562,568,-58,116,-58,-58,big_increase
과천시,L,635,735,742,753,677,742,635,735,742,753,677,742,-11,-7,18,-11,big_increase
과천시,M,3973,3761,4979,3364,3762,4850,3973,3761,4979,3364,3762,4850,1486,-1089,-397,1486,small_decrease
과천시,N,1753,2385,2246,2286,1420,1311,1753,2385,2246,2286,1420,1311,-975,1074,-99,-975,big_increase
과천시,P,896,936,1005,756,817,1068,896,936,1005,756,817,1068,312,-132,-180,312,big_increase
과천시,Q,1445,1645,1697,1792,1961,2046,1445,1645,1697,1792,1961,2046,254,-401,147,254,small_increase
과천시,R,3537,3558,3654,3249,3238,3136,3537,3558,3654,3249,3238,3136,-113,422,-309,-113,small_increase
과천시,S,744,705,710,764,800,854,744,705,710,764,800,854,90,-149,59,90,big_increase
구리시,A,0,0,2,2,9,5,0,0,2,2,9,5,3,-5,2,3,big_increase
구리시,B,2,0,0,0,0,0,2,0,0,0,0,0,0,0,0,0,big_increase
구리시,C,3831,3715,3712,2982,2942,2868,3831,3715,3712,2982,2942,2868,-114,847,-733,-114,big_increase
구리시,D,64,64,87,66,64,65,64,64,87,66,64,65,-1,-1,2,-1,big_increase
구리시,E,195,207,253,233,216,255,195,207,253,233,216,255,22,-48,26,22,big_increase
구리시,F,3588,3988,3939,2867,2930,2554,3588,3988,3939,2867,2930,2554,-313,1434,-1121,-313,big_increase
구리시,G,11922,12204,11983,9642,9908,9854,11922,12204,11983,9642,9908,9854,212,2350,-2562,212,small_increase
구리시,H,2292,2515,2408,1855,2254,1952,2292,2515,2408,1855,2254,1952,97,563,-660,97,big_increase
구리시,I,6838,7154,7041,4664,4545,4742,6838,7154,7041,4664,4545,4742,78,2412,-2490,78,big_increase
구리시,J,457,429,383,149,291,364,457,429,383,149,291,364,215,65,-280,215,big_increase
구리시,K,3366,3349,2887,1978,2373,2196,3366,3349,2887,1978,2373,2196,218,1153,-1371,218,big_increase
구리시,L,1375,1345,1447,1325,1239,1177,1375,1345,1447,1325,1239,1177,-148,168,-20,-148,big_increase
구리시,M,2360,2598,2242,2192,2339,1854,2360,2598,2242,2192,2339,1854,-338,744,-406,-338,big_increase
구리시,N,2293,2365,2766,2423,3421,3531,2293,2365,2766,2423,3421,3531,1108,-1166,58,1108,small_decrease
구리시,P,3013,2984,2866,2475,2229,2332,3013,2984,2866,2475,2229,2332,-143,652,-509,-143,big_increase
구리시,Q,6534,6855,7297,8016,8664,9181,6534,6855,7297,8016,8664,9181,1165,-2326,1161,1165,small_decrease
구리시,R,1056,1066,1090,763,777,753,1056,1066,1090,763,777,753,-10,313,-303,-10,big_increase
구리시,S,3237,3579,3365,2185,1721,1888,3237,3579,3365,2185,1721,1888,-297,1691,-1394,-297,big_increase
남양주시,A,65,58,80,98,110,108,65,58,80,98,110,108,10,-50,40,10,big_increase
남양주시,B,40,40,30,1,4,4,40,40,30,1,4,4,3,36,-39,3,big_increase
남양주시,C,31073,31591,31860,30077,31614,31516,31073,31591,31860,30077,31614,31516,1439,75,-1514,1439,small_increase
남양주시,D,237,238,211,205,244,300,237,238,211,205,244,300,95,-62,-33,95,big_increase
남양주시,E,623,757,753,802,925,873,623,757,753,802,925,873,71,-116,45,71,big_increase
남양주시,F,7654,8499,9210,9712,11083,11911,7654,8499,9210,9712,11083,11911,2199,-3412,1213,2199,small_decrease
남양주시,G,27176,27864,29797,26455,31663,30701,27176,27864,29797,26455,31663,30701,4246,-2837,-1409,4246,small_increase
남양주시,H,4498,4979,5560,4807,5342,5479,4498,4979,5560,4807,5342,5479,672,-500,-172,672,small_increase
남양주시,I,13395,14589,16817,12893,14581,16000,13395,14589,16817,12893,14581,16000,3107,-1411,-1696,3107,small_decrease
남양주시,J,510,568,587,549,905,1263,510,568,587,549,905,1263,714,-695,-19,714,small_decrease
남양주시,K,2018,1883,1990,1843,2237,2322,2018,1883,1990,1843,2237,2322,479,-439,-40,479,small_increase
남양주시,L,3072,3264,3685,3577,4270,4705,3072,3264,3685,3577,4270,4705,1128,-1441,313,1128,small_decrease
남양주시,M,1984,2072,2738,2503,2981,3622,1984,2072,2738,2503,2981,3622,1119,-1550,431,1119,small_decrease
남양주시,N,2379,2289,2611,2404,3126,3124,2379,2289,2611,2404,3126,3124,720,-835,115,720,small_decrease
남양주시,P,7476,7792,8139,6938,7058,7886,7476,7792,8139,6938,7058,7886,948,-94,-854,948,small_increase
남양주시,Q,16557,17625,19214,19972,21548,23298,16557,17625,19214,19972,21548,23298,3326,-5673,2347,3326,small_increase
남양주시,R,2876,3076,3212,2185,2491,2571,2876,3076,3212,2185,2491,2571,386,505,-891,386,big_increase
남양주시,S,4607,4616,5138,4007,4320,4443,4607,4616,5138,4007,4320,4443,436,173,-609,436,small_increase
오산시,A,48,49,43,49,58,71,48,49,43,49,58,71,22,-22,0,22,big_increase
오산시,B,0,0,0,0,0,0,0,0,0,0,0,0,0,0,0,0,big_increase
오산시,C,11121,11455,12250,12690,13325,13440,11121,11455,12250,12690,13325,13440,750,-1985,1235,750,small_decrease
오산시,D,133,135,134,132,94,136,133,135,134,132,94,136,4,-1,-3,4,big_increase
오산시,E,345,327,334,343,379,385,345,327,334,343,379,385,42,-58,16,42,big_increase
오산시,F,3524,4806,5255,3406,3896,4004,3524,4806,5255,3406,3896,4004,598,802,-1400,598,big_increase
오산시,G,7648,7639,8109,6236,6681,6689,7648,7639,8109,6236,6681,6689,453,950,-1403,453,small_increase
오산시,H,1674,2036,1926,1762,1717,2205,1674,2036,1926,1762,1717,2205,443,-169,-274,443,small_increase
오산시,I,6591,6860,7607,5036,5173,6315,6591,6860,7607,5036,5173,6315,1279,545,-1824,1279,small_increase
오산시,J,258,229,175,183,247,388,258,229,175,183,247,388,205,-159,-46,205,big_increase
오산시,K,1128,1011,971,1126,1067,967,1128,1011,971,1126,1067,967,-159,44,115,-159,big_increase
오산시,L,857,1212,1144,1088,1427,1525,857,1212,1144,1088,1427,1525,437,-313,-124,437,small_increase
오산시,M,1025,1187,1573,1524,1869,2025,1025,1187,1573,1524,1869,2025,501,-838,337,501,small_decrease
오산시,N,5467,5408,5788,4976,4690,5843,5467,5408,5788,4976,4690,5843,867,-435,-432,867,small_increase
오산시,P,3980,3996,4133,3333,3439,3542,3980,3996,4133,3333,3439,3542,209,454,-663,209,small_increase
오산시,Q,6158,6718,7252,7467,7680,7946,6158,6718,7252,7467,7680,7946,479,-1228,749,479,small_decrease
오산시,R,949,1065,1181,764,685,883,949,1065,1181,764,685,883,119,182,-301,119,big_increase
오산시,S,2139,2118,2189,1635,1801,1768,2139,2118,2189,1635,1801,1768,133,350,-483,133,big_increase
시흥시,A,25,17,13,28,29,25,25,17,13,28,29,25,-3,-8,11,-3,big_increase
시흥시,B,0,0,0,0,0,0,0,0,0,0,0,0,0,0,0,0,big_increase
시흥시,C,88809,88895,88664,83648,85244,86236,88809,88895,88664,83648,85244,86236,2588,2659,-5247,2588,small_increase
시흥시,D,160,162,165,123,174,158,160,162,165,123,174,158,35,4,-39,35,big_increase
시흥시,E,691,731,708,652,1031,1186,691,731,708,652,1031,1186,534,-455,-79,534,small_increase
시흥시,F,8174,8108,8140,7730,9340,9400,8174,8108,8140,7730,9340,9400,1670,-1292,-378,1670,small_decrease
시흥시,G,22068,22754,24209,21650,24695,24835,22068,22754,24209,21650,24695,24835,3185,-2081,-1104,3185,small_increase
시흥시,H,4094,4111,4473,4173,4320,4847,4094,4111,4473,4173,4320,4847,674,-736,62,674,small_decrease
시흥시,I,12041,13175,14744,10484,11520,13484,12041,13175,14744,10484,11520,13484,3000,-309,-2691,3000,small_increase
시흥시,J,403,423,468,429,663,783,403,423,468,429,663,783,354,-360,6,354,big_increase
시흥시,K,2042,1840,1901,1795,1882,1933,2042,1840,1901,1795,1882,1933,138,-93,-45,138,small_increase
시흥시,L,2260,2408,2660,2655,3021,3078,2260,2408,2660,2655,3021,3078,423,-670,247,423,small_decrease
시흥시,M,2884,3202,3406,2889,3794,3992,2884,3202,3406,2889,3794,3992,1103,-790,-313,1103,small_decrease
시흥시,N,3392,3601,3955,5996,4178,5282,3392,3601,3955,5996,4178,5282,-714,-1681,2395,-714,small_decrease
시흥시,P,4457,5506,6352,5008,5355,6157,4457,5506,6352,5008,5355,6157,1149,-651,-498,1149,small_increase
시흥시,Q,10739,12223,13243,14868,17040,18083,10739,12223,13243,14868,17040,18083,3215,-5860,2645,3215,small_decrease
시흥시,R,1556,1790,2172,1319,1304,1554,1556,1790,2172,1319,1304,1554,235,236,-471,235,big_increase
시흥시,S,3315,3414,3924,3058,3136,3290,3315,3414,3924,3058,3136,3290,232,124,-356,232,small_increase
군포시,A,0,10,4,4,6,13,0,10,4,4,6,13,9,-3,-6,9,big_increase
군포시,B,0,0,0,0,0,0,0,0,0,0,0,0,0,0,0,0,big_increase
군포시,C,27513,27558,27249,26989,27995,28556,27513,27558,27249,26989,27995,28556,1567,-998,-569,1567,small_increase
군포시,D,152,146,159,110,111,128,152,146,159,110,111,128,18,18,-36,18,big_increase
군포시,E,308,300,325,386,422,387,308,300,325,386,422,387,1,-87,86,1,big_increase
군포시,F,4980,5705,5812,5005,5059,5690,4980,5705,5812,5005,5059,5690,685,15,-700,685,small_increase
군포시,G,10715,10826,10796,9333,9773,9832,10715,10826,10796,9333,9773,9832,499,994,-1493,499,small_increase
군포시,H,7910,8443,8644,7590,7987,7827,7910,8443,8644,7590,7987,7827,237,616,-853,237,small_increase
군포시,I,7166,7741,7792,5535,5999,6994,7166,7741,7792,5535,5999,6994,1459,747,-2206,1459,small_increase
군포시,J,943,1074,1038,901,1043,1100,943,1074,1038,901,1043,1100,199,-26,-173,199,big_increase
군포시,K,952,899,876,725,750,758,952,899,876,725,750,758,33,141,-174,33,big_increase
군포시,L,1882,2038,2176,1836,2010,2060,1882,2038,2176,1836,2010,2060,224,-22,-202,224,small_increase
군포시,M,4015,4060,4377,3946,4141,4579,4015,4060,4377,3946,4141,4579,633,-519,-114,633,small_increase
군포시,N,6348,7438,7283,5516,6118,7321,6348,7438,7283,5516,6118,7321,1805,117,-1922,1805,small_increase
군포시,P,4489,4684,4726,3664,3449,3876,4489,4684,4726,3664,3449,3876,212,808,-1020,212,big_increase
군포시,Q,8103,9119,10063,9912,12023,10828,8103,9119,10063,9912,12023,10828,916,-1709,793,916,small_decrease
군포시,R,1575,1671,1728,1228,1194,1498,1575,1671,1728,1228,1194,1498,270,173,-443,270,big_increase
군포시,S,2592,2701,3315,2716,2717,2640,2592,2701,3315,2716,2717,2640,-76,61,15,-76,small_increase
의왕시,A,6,6,6,12,13,10,6,6,6,12,13,10,-2,-4,6,-2,big_increase
의왕시,B,0,0,0,0,0,0,0,0,0,0,0,0,0,0,0,0,big_increase
의왕시,C,10011,9982,9941,8401,9349,9509,10011,9982,9941,8401,9349,9509,1108,473,-1581,1108,small_increase
의왕시,D,32,37,33,32,34,35,32,37,33,32,34,35,3,2,-5,3,big_increase
의왕시,E,190,181,203,174,213,227,190,181,203,174,213,227,53,-46,-7,53,big_increase
의왕시,F,2418,3174,2888,2957,3044,2966,2418,3174,2888,2957,3044,2966,9,208,-217,9,small_increase
의왕시,G,5713,6147,6412,5640,6513,6706,5713,6147,6412,5640,6513,6706,1066,-559,-507,1066,small_increase
의왕시,H,3521,3844,3466,2799,3155,3188,3521,3844,3466,2799,3155,3188,389,656,-1045,389,big_increase
의왕시,I,3369,3647,4034,3277,3669,3971,3369,3647,4034,3277,3669,3971,694,-324,-370,694,small_increase
의왕시,J,1797,1946,2097,2100,2399,2432,1797,1946,2097,2100,2399,2432,332,-486,154,332,small_increase
의왕시,K,371,350,383,366,373,348,371,350,383,366,373,348,-18,2,16,-18,big_increase
의왕시,L,1263,1332,1271,1226,1365,1144,1263,1332,1271,1226,1365,1144,-82,188,-106,-82,big_increase
의왕시,M,4515,5037,5062,5396,6139,6316,4515,5037,5062,5396,6139,6316,920,-1279,359,920,small_decrease
의왕시,N,1146,1483,1942,1421,1914,2091,1146,1483,1942,1421,1914,2091,670,-608,-62,670,small_increase
의왕시,P,1959,1923,2013,1555,1704,1714,1959,1923,2013,1555,1704,1714,159,209,-368,159,big_increase
의왕시,Q,3996,4475,4622,4997,5364,5154,3996,4475,4622,4997,5364,5154,157,-679,522,157,small_increase
의왕시,R,630,773,763,492,662,610,630,773,763,492,662,610,118,163,-281,118,big_increase
의왕시,S,1386,1491,1507,1262,1236,1251,1386,1491,1507,1262,1236,1251,-11,240,-229,-11,big_increase
하남시,A,8,13,18,21,26,53,8,13,18,21,26,53,32,-40,8,32,big_increase
하남시,B,0,0,0,0,0,0,0,0,0,0,0,0,0,0,0,0,big_increase
하남시,C,8327,8369,9143,9095,10641,11054,8327,8369,9143,9095,10641,11054,1959,-2685,726,1959,small_decrease
하남시,D,178,199,188,270,196,328,178,199,188,270,196,328,58,-129,71,58,big_increase
하남시,E,273,232,363,359,366,453,273,232,363,359,366,453,94,-221,127,94,big_increase
하남시,F,5256,5657,6304,5609,8104,7386,5256,5657,6304,5609,8104,7386,1777,-1729,-48,1777,small_decrease
하남시,G,19054,21046,22349,20309,25025,25986,19054,21046,22349,20309,25025,25986,5677,-4940,-737,5677,small_decrease
하남시,H,2926,3030,3127,2491,3002,2878,2926,3030,3127,2491,3002,2878,387,152,-539,387,small_increase
하남시,I,5780,6794,7711,6594,7532,8660,5780,6794,7711,6594,7532,8660,2066,-1866,-200,2066,small_decrease
하남시,J,793,951,937,1107,2407,2738,793,951,937,1107,2407,2738,1631,-1787,156,1631,big_decrease
하남시,K,779,742,745,778,873,896,779,742,745,778,873,896,118,-154,36,118,big_increase
하남시,L,1407,1651,2083,1879,2309,2785,1407,1651,2083,1879,2309,2785,906,-1134,228,906,small_decrease
하남시,M,1462,1636,1973,1963,3395,4054,1462,1636,1973,1963,3395,4054,2091,-2418,327,2091,big_decrease
하남시,N,2100,3001,3631,2789,3898,4268,2100,3001,3631,2789,3898,4268,1479,-1267,-212,1479,small_decrease
하남시,P,1794,2109,2483,2174,2690,3252,1794,2109,2483,2174,2690,3252,1078,-1143,65,1078,small_decrease
하남시,Q,4564,5321,6638,7609,8472,9492,4564,5321,6638,7609,8472,9492,1883,-4171,2288,1883,small_decrease
하남시,R,1359,1665,1745,1249,1582,1873,1359,1665,1745,1249,1582,1873,624,-208,-416,624,small_increase
하남시,S,1831,2069,2518,2132,2605,2686,1831,2069,2518,2132,2605,2686,554,-617,63,554,small_decrease
용인시,A,175,226,218,249,430,437,175,226,218,249,430,437,188,-211,23,188,big_increase
용인시,B,201,266,280,245,274,250,201,266,280,245,274,250,5,16,-21,5,big_increase
용인시,C,55040,54967,58122,55505,59590,58325,55040,54967,58122,55505,59590,58325,2820,-3358,538,2820,small_increase
용인시,D,212,217,248,244,242,269,212,217,248,244,242,269,25,-52,27,25,big_increase
용인시,E,1498,1495,1527,1668,1954,1995,1498,1495,1527,1668,1954,1995,327,-500,173,327,small_increase
용인시,F,15461,17710,18171,19454,23468,22626,15461,17710,18171,19454,23468,22626,3172,-4916,1744,3172,small_increase
용인시,G,36801,42258,44214,37903,43128,43500,36801,42258,44214,37903,43128,43500,5597,-1242,-4355,5597,small_increase
용인시,H,14475,15845,15878,13268,16046,15167,14475,15845,15878,13268,16046,15167,1899,678,-2577,1899,small_increase
용인시,I,23916,27611,29155,22694,23960,26644,23916,27611,29155,22694,23960,26644,3950,967,-4917,3950,small_increase
용인시,J,4060,4693,5138,5562,6951,7952,4060,4693,5138,5562,6951,7952,2390,-3259,869,2390,small_decrease
용인시,K,4755,4655,4893,4213,4021,3963,4755,4655,4893,4213,4021,3963,-250,692,-442,-250,small_increase
용인시,L,7173,8270,9017,9199,10764,11155,7173,8270,9017,9199,10764,11155,1956,-2885,929,1956,small_decrease
용인시,M,27996,29391,31798,33857,37274,41132,27996,29391,31798,33857,37274,41132,7275,-11741,4466,7275,small_increase
용인시,N,11923,12351,13124,12843,14721,14998,11923,12351,13124,12843,14721,14998,2155,-2647,492,2155,small_decrease
용인시,P,21665,22937,23372,20842,19803,22263,21665,22937,23372,20842,19803,22263,1421,674,-2095,1421,small_increase
용인시,Q,25710,28263,29190,31232,32328,35430,25710,28263,29190,31232,32328,35430,4198,-7167,2969,4198,small_increase
용인시,R,10432,10763,10587,8094,8765,9766,10432,10763,10587,8094,8765,9766,1672,997,-2669,1672,small_increase
용인시,S,9462,9938,10408,8393,8551,9126,9462,9938,10408,8393,8551,9126,733,812,-1545,733,small_increase
파주시,A,211,184,181,206,275,323,211,184,181,206,275,323,117,-139,22,117,big_increase
파주시,B,43,63,59,44,47,50,43,63,59,44,47,50,6,13,-19,6,big_increase
파주시,C,77243,75631,75539,72640,77035,79844,77243,75631,75539,72640,77035,79844,7204,-4213,-2991,7204,small_increase
파주시,D,209,202,233,244,282,270,209,202,233,244,282,270,26,-68,42,26,big_increase
파주시,E,1105,1226,1228,1153,1442,1400,1105,1226,1228,1153,1442,1400,247,-174,-73,247,big_increase
파주시,F,6892,7784,7757,6118,7613,7954,6892,7784,7757,6118,7613,7954,1836,-170,-1666,1836,small_increase
파주시,G,17712,18837,19952,18438,20937,21276,17712,18837,19952,18438,20937,21276,2838,-2439,-399,2838,small_increase
파주시,H,7637,7968,8398,7620,8573,9243,7637,7968,8398,7620,8573,9243,1623,-1275,-348,1623,small_decrease
파주시,I,11311,12315,13141,9709,11298,12796,11311,12315,13141,9709,11298,12796,3087,-481,-2606,3087,small_increase
파주시,J,3822,3786,3841,3491,4194,4212,3822,3786,3841,3491,4194,4212,721,-426,-295,721,small_increase
파주시,K,2134,2086,2052,1852,2020,2020,2134,2086,2052,1852,2020,2020,168,66,-234,168,small_increase
파주시,L,2519,2673,3017,2947,3976,4259,2519,2673,3017,2947,3976,4259,1312,-1586,274,1312,small_decrease
파주시,M,1643,1925,2126,2144,2870,3008,1643,1925,2126,2144,2870,3008,864,-1083,219,864,small_decrease
파주시,N,3701,3573,3734,3829,5456,5088,3701,3573,3734,3829,5456,5088,1259,-1515,256,1259,small_decrease
파주시,P,5464,5823,6064,5199,5860,5980,5464,5823,6064,5199,5860,5980,781,-157,-624,781,small_increase
파주시,Q,10670,11508,12674,13588,15208,16540,10670,11508,12674,13588,15208,16540,2952,-5032,2080,2952,small_decrease
파주시,R,2763,3386,3550,2420,3275,3658,2763,3386,3550,2420,3275,3658,1238,-272,-966,1238,small_increase
파주시,S,4136,4326,4332,3560,4252,4336,4136,4326,4332,3560,4252,4336,776,-10,-766,776,small_increase
이천시,A,498,487,566,531,668,807,498,487,566,531,668,807,276,-320,44,276,big_increase
이천시,B,0,0,0,24,27,26,0,0,0,24,27,26,2,-26,24,2,big_increase
이천시,C,37453,39949,42110,43615,44854,45335,37453,39949,42110,43615,44854,45335,1720,-5386,3666,1720,small_increase
이천시,D,87,76,92,104,87,85,87,76,92,104,87,85,-19,-9,28,-19,big_increase
이천시,E,748,779,807,759,780,816,748,779,807,759,780,816,57,-37,-20,57,big_increase
이천시,F,6882,7414,7881,5004,6804,6766,6882,7414,7881,5004,6804,6766,1762,648,-2410,1762,small_increase
이천시,G,9664,10108,10221,8622,10185,10701,9664,10108,10221,8622,10185,10701,2079,-593,-1486,2079,small_increase
이천시,H,8987,10065,11055,9297,9000,9772,8987,10065,11055,9297,9000,9772,475,293,-768,475,small_increase
이천시,I,8056,8449,8781,6513,6835,7529,8056,8449,8781,6513,6835,7529,1016,920,-1936,1016,small_increase
이천시,J,334,233,285,315,458,477,334,233,285,315,458,477,162,-244,82,162,big_increase
이천시,K,1850,1780,1772,1906,1835,1832,1850,1780,1772,1906,1835,1832,-74,-52,126,-74,small_increase
이천시,L,949,1146,1374,1108,1377,1468,949,1146,1374,1108,1377,1468,360,-322,-38,360,small_increase
이천시,M,3581,3974,2569,2696,2901,3066,3581,3974,2569,2696,2901,3066,370,908,-1278,370,big_increase
이천시,N,6444,6883,8843,9403,8557,9192,6444,6883,8843,9403,8557,9192,-211,-2309,2520,-211,small_decrease
이천시,P,3371,3416,3563,2980,3182,3327,3371,3416,3563,2980,3182,3327,347,89,-436,347,small_increase
이천시,Q,6788,6909,7265,7505,7864,8303,6788,6909,7265,7505,7864,8303,798,-1394,596,798,small_decrease
이천시,R,2108,2195,2383,2053,2377,2599,2108,2195,2383,2053,2377,2599,546,-404,-142,546,small_increase
이천시,S,2247,2335,2359,1859,1963,2062,2247,2335,2359,1859,1963,2062,203,273,-476,203,big_increase
안성시,A,730,785,809,764,773,869,730,785,809,764,773,869,105,-84,-21,105,big_increase
안성시,B,18,21,26,25,34,41,18,21,26,25,34,41,16,-20,4,16,big_increase
안성시,C,39094,40269,40376,40365,40698,41525,39094,40269,40376,40365,40698,41525,1160,-1256,96,1160,small_increase
안성시,D,135,157,208,163,133,137,135,157,208,163,133,137,-26,20,6,-26,big_increase
안성시,E,712,577,604,611,671,658,712,577,604,611,671,658,47,-81,34,47,big_increase
안성시,F,3439,4060,4342,3727,4229,4425,3439,4060,4342,3727,4229,4425,698,-365,-333,698,small_increase
안성시,G,7106,7989,8583,7815,8640,9471,7106,7989,8583,7815,8640,9471,1656,-1482,-174,1656,small_decrease
안성시,H,3422,3462,3618,3135,3195,4110,3422,3462,3618,3135,3195,4110,975,-648,-327,975,small_increase
안성시,I,4763,5184,5563,4509,4668,5561,4763,5184,5563,4509,4668,5561,1052,-377,-675,1052,small_increase
안성시,J,410,486,525,124,188,190,410,486,525,124,188,190,66,296,-362,66,big_increase
안성시,K,1195,1188,1236,1267,1153,1334,1195,1188,1236,1267,1153,1334,67,-146,79,67,big_increase
안성시,L,516,985,828,678,898,938,516,985,828,678,898,938,260,47,-307,260,big_increase
안성시,M,1259,1464,1666,1713,2022,2179,1259,1464,1666,1713,2022,2179,466,-715,249,466,small_decrease
안성시,N,3694,3887,4381,4991,4523,4570,3694,3887,4381,4991,4523,4570,-421,-683,1104,-421,small_decrease
안성시,P,3452,3677,3468,3163,3282,3215,3452,3677,3468,3163,3282,3215,52,462,-514,52,big_increase
안성시,Q,5460,5859,6167,6198,6700,7127,5460,5859,6167,6198,6700,7127,929,-1268,339,929,small_decrease
안성시,R,1613,1727,1917,1572,1987,2048,1613,1727,1917,1572,1987,2048,476,-321,-155,476,small_increase
안성시,S,1909,1990,1940,1936,2174,2284,1909,1990,1940,1936,2174,2284,348,-294,-54,348,small_increase
김포시,A,123,137,164,161,230,253,123,137,164,161,230,253,92,-116,24,92,big_increase
김포시,B,5,4,5,4,19,37,5,4,5,4,19,37,33,-33,0,33,big_increase
김포시,C,69285,71807,73644,69911,74269,75941,69285,71807,73644,69911,74269,75941,6030,-4134,-1896,6030,small_increase
김포시,D,184,206,226,175,232,238,184,206,226,175,232,238,63,-32,-31,63,big_increase
김포시,E,829,961,1146,910,1210,1107,829,961,1146,910,1210,1107,197,-146,-51,197,big_increase
김포시,F,4700,5219,5570,4973,6595,6314,4700,5219,5570,4973,6595,6314,1341,-1095,-246,1341,small_decrease
김포시,G,16678,18945,20068,18275,22216,22774,16678,18945,20068,18275,22216,22774,4499,-3829,-670,4499,small_decrease
김포시,H,4840,4706,5711,5053,5375,7155,4840,4706,5711,5053,5375,7155,2102,-2449,347,2102,small_decrease
김포시,I,9379,11048,12859,9251,10382,12228,9379,11048,12859,9251,10382,12228,2977,-1180,-1797,2977,small_decrease
김포시,J,315,336,573,435,981,1296,315,336,573,435,981,1296,861,-960,99,861,small_decrease
김포시,K,1826,1935,1973,1817,1863,2001,1826,1935,1973,1817,1863,2001,184,-66,-118,184,small_increase
김포시,L,2333,2681,3193,3192,4179,4491,2333,2681,3193,3192,4179,4491,1299,-1810,511,1299,small_decrease
김포시,M,1668,1935,2154,2153,2808,3503,1668,1935,2154,2153,2808,3503,1350,-1568,218,1350,small_decrease
김포시,N,1696,1748,2137,1730,2539,2644,1696,1748,2137,1730,2539,2644,914,-896,-18,914,small_decrease
김포시,P,5075,5535,6020,5410,5890,6556,5075,5535,6020,5410,5890,6556,1146,-1021,-125,1146,small_decrease
김포시,Q,9228,10537,11663,13101,14024,15608,9228,10537,11663,13101,14024,15608,2507,-5071,2564,2507,small_decrease
김포시,R,1618,1871,2136,1395,1645,1965,1618,1871,2136,1395,1645,1965,570,-94,-476,570,small_increase
김포시,S,3567,3773,4001,3682,3981,4159,3567,3773,4001,3682,3981,4159,477,-386,-91,477,small_increase
화성시,A,272,271,277,315,473,509,272,271,277,315,473,509,194,-238,44,194,big_increase
화성시,B,92,138,124,112,118,149,92,138,124,112,118,149,37,-11,-26,37,big_increase
화성시,C,221681,228650,238417,233450,245997,257425,221681,228650,238417,233450,245997,257425,23975,-28775,4800,23975,small_increase
화성시,D,295,317,303,302,311,312,295,317,303,302,311,312,10,5,-15,10,big_increase
화성시,E,2131,2448,2577,2651,3343,3574,2131,2448,2577,2651,3343,3574,923,-1126,203,923,small_decrease
화성시,F,17493,19848,21811,19772,23963,25535,17493,19848,21811,19772,23963,25535,5763,-5687,-76,5763,small_decrease
화성시,G,30790,34042,36921,34282,40022,41639,30790,34042,36921,34282,40022,41639,7357,-7597,240,7357,small_increase
화성시,H,8631,9952,13601,11833,14213,14729,8631,9952,13601,11833,14213,14729,2896,-4777,1881,2896,small_decrease
화성시,I,21203,24549,26155,19665,21964,25222,21203,24549,26155,19665,21964,25222,5557,-673,-4884,5557,small_increase
화성시,J,1063,1662,1751,1608,2404,3163,1063,1662,1751,1608,2404,3163,1555,-1501,-54,1555,small_decrease
화성시,K,3136,3377,3565,3604,3569,3664,3136,3377,3565,3604,3569,3664,60,-287,227,60,small_increase
화성시,L,5258,5938,6626,6021,8865,9811,5258,5938,6626,6021,8865,9811,3790,-3873,83,3790,small_decrease
화성시,M,30883,34245,36542,36163,43265,45387,30883,34245,36542,36163,43265,45387,9224,-11142,1918,9224,small_increase
화성시,N,9726,10586,12503,13457,14304,16582,9726,10586,12503,13457,14304,16582,3125,-5996,2871,3125,small_decrease
화성시,P,12579,13639,14733,12934,13705,14554,12579,13639,14733,12934,13705,14554,1620,-915,-705,1620,small_increase
화성시,Q,16188,17805,20504,21666,23214,25449,16188,17805,20504,21666,23214,25449,3783,-7644,3861,3783,small_increase
화성시,R,4029,4453,4796,3498,3987,4827,4029,4453,4796,3498,3987,4827,1329,-374,-955,1329,small_increase
화성시,S,6140,6743,7184,5585,6609,6904,6140,6743,7184,5585,6609,6904,1319,-161,-1158,1319,small_increase
광주시,A,185,173,173,199,259,231,185,173,173,199,259,231,32,-58,26,32,big_increase
광주시,B,36,31,30,70,71,61,36,31,30,70,71,61,-9,-30,39,-9,big_increase
광주시,C,47616,47180,46821,43215,43456,43589,47616,47180,46821,43215,43456,43589,374,3591,-3965,374,small_increase
광주시,D,84,88,131,138,153,143,84,88,131,138,153,143,5,-55,50,5,big_increase
광주시,E,451,431,540,581,611,614,451,431,540,581,611,614,33,-183,150,33,big_increase
광주시,F,6954,7456,7848,6363,8107,7651,6954,7456,7848,6363,8107,7651,1288,-195,-1093,1288,small_increase
광주시,G,19702,20694,21988,19460,21805,21363,19702,20694,21988,19460,21805,21363,1903,-669,-1234,1903,small_increase
광주시,H,7235,7712,7260,5773,7093,7194,7235,7712,7260,5773,7093,7194,1421,518,-1939,1421,small_increase
광주시,I,7873,8699,9552,7439,8138,8677,7873,8699,9552,7439,8138,8677,1238,22,-1260,1238,small_increase
광주시,J,257,265,297,183,268,356,257,265,297,183,268,356,173,-91,-82,173,big_increase
광주시,K,1291,1294,1382,1472,1496,1456,1291,1294,1382,1472,1496,1456,-16,-162,178,-16,small_increase
광주시,L,1379,1447,1580,1488,1820,1690,1379,1447,1580,1488,1820,1690,202,-243,41,202,small_increase
광주시,M,1923,2089,2237,2279,2744,2612,1923,2089,2237,2279,2744,2612,333,-523,190,333,small_increase
광주시,N,1292,1520,1541,1292,1632,2004,1292,1520,1541,1292,1632,2004,712,-484,-228,712,small_increase
광주시,P,3924,3932,4154,3542,3670,3857,3924,3932,4154,3542,3670,3857,315,75,-390,315,small_increase
광주시,Q,8341,8903,9813,10245,10636,11610,8341,8903,9813,10245,10636,11610,1365,-2707,1342,1365,small_decrease
광주시,R,2123,2106,2193,1872,2168,2285,2123,2106,2193,1872,2168,2285,413,-179,-234,413,small_increase
광주시,S,3634,3699,3712,3253,3269,3369,3634,3699,3712,3253,3269,3369,116,330,-446,116,small_increase
양주시,A,34,33,29,38,74,82,34,33,29,38,74,82,44,-49,5,44,big_increase
양주시,B,63,84,101,122,81,132,63,84,101,122,81,132,10,-48,38,10,big_increase
양주시,C,34250,33690,32610,30407,29832,29454,34250,33690,32610,30407,29832,29454,-953,4236,-3283,-953,small_increase
양주시,D,105,109,170,133,132,133,105,109,170,133,132,133,0,-24,24,0,big_increase
양주시,E,880,900,991,1017,1102,1205,880,900,991,1017,1102,1205,188,-305,117,188,small_increase
양주시,F,3626,4334,4767,3360,4505,4827,3626,4334,4767,3360,4505,4827,1467,-493,-974,1467,small_increase
양주시,G,8857,9399,10178,8669,10227,10436,8857,9399,10178,8669,10227,10436,1767,-1037,-730,1767,small_decrease
양주시,H,1952,2192,2589,2334,3162,2842,1952,2192,2589,2334,3162,2842,508,-650,142,508,small_decrease
양주시,I,5076,5515,6547,4887,5279,6063,5076,5515,6547,4887,5279,6063,1176,-548,-628,1176,small_increase
양주시,J,91,157,194,129,194,251,91,157,194,129,194,251,122,-94,-28,122,big_increase
양주시,K,796,700,704,645,644,688,796,700,704,645,644,688,43,12,-55,43,big_increase
양주시,L,954,1016,1290,1174,1556,1634,954,1016,1290,1174,1556,1634,460,-618,158,460,small_increase
양주시,M,865,923,1033,1024,1141,1237,865,923,1033,1024,1141,1237,213,-314,101,213,small_increase
양주시,N,1568,1460,1685,1445,1662,1677,1568,1460,1685,1445,1662,1677,232,-217,-15,232,small_increase
양주시,P,2686,2895,3276,2674,2975,3270,2686,2895,3276,2674,2975,3270,596,-375,-221,596,small_increase
양주시,Q,5827,6670,7834,8585,9550,10417,5827,6670,7834,8585,9550,10417,1832,-3747,1915,1832,small_decrease
양주시,R,1334,1243,1381,992,1068,1228,1334,1243,1381,992,1068,1228,236,15,-251,236,big_increase
양주시,S,2231,2216,2322,1878,1932,2059,2231,2216,2322,1878,1932,2059,181,157,-338,181,big_increase
포천시,A,225,347,349,295,390,438,225,347,349,295,390,438,143,-91,-52,143,big_increase
포천시,B,357,379,424,364,360,423,357,379,424,364,360,423,59,-44,-15,59,big_increase
포천시,C,41348,41850,42658,41015,41649,42513,41348,41850,42658,41015,41649,42513,1498,-663,-835,1498,small_increase
포천시,D,375,373,351,341,398,374,375,373,351,341,398,374,33,-1,-32,33,big_increase
포천시,E,898,857,917,898,936,906,898,857,917,898,936,906,8,-49,41,8,big_increase
포천시,F,3064,3263,3470,2722,3578,3435,3064,3263,3470,2722,3578,3435,713,-172,-541,713,small_increase
포천시,G,8228,8671,9399,8395,9831,9500,8228,8671,9399,8395,9831,9500,1105,-829,-276,1105,small_decrease
포천시,H,1940,1935,2287,1668,2122,2033,1940,1935,2287,1668,2122,2033,365,-98,-267,365,small_increase
포천시,I,5436,5769,6159,4174,4564,4941,5436,5769,6159,4174,4564,4941,767,828,-1595,767,small_increase
포천시,J,80,72,126,129,145,134,80,72,126,129,145,134,5,-62,57,5,big_increase
포천시,K,1406,1468,1414,1368,1313,1344,1406,1468,1414,1368,1313,1344,-24,124,-100,-24,big_increase
포천시,L,398,417,417,363,626,625,398,417,417,363,626,625,262,-208,-54,262,big_increase
포천시,M,947,1024,1175,1002,1296,1362,947,1024,1175,1002,1296,1362,360,-338,-22,360,small_increase
포천시,N,809,878,823,699,1091,1067,809,878,823,699,1091,1067,368,-189,-179,368,big_increase
포천시,P,2636,2845,3046,2626,2581,2635,2636,2845,3046,2626,2581,2635,9,210,-219,9,small_increase
포천시,Q,4609,4605,4839,5073,5924,6254,4609,4605,4839,5073,5924,6254,1181,-1649,468,1181,small_decrease
포천시,R,1663,1702,1776,1697,1662,2069,1663,1702,1776,1697,1662,2069,372,-367,-5,372,small_increase
포천시,S,1711,1743,1696,1573,1735,1749,1711,1743,1696,1573,1735,1749,176,-6,-170,176,small_increase
여주시,A,237,254,315,286,500,583,237,254,315,286,500,583,297,-329,32,297,big_increase
여주시,B,72,76,34,57,85,63,72,76,34,57,85,63,6,13,-19,6,big_increase
여주시,C,7838,7936,8434,7917,7721,8210,7838,7936,8434,7917,7721,8210,293,-274,-19,293,small_increase
여주시,D,55,58,57,56,56,77,55,58,57,56,56,77,21,-19,-2,21,big_increase
여주시,E,268,331,494,379,423,449,268,331,494,379,423,449,70,-118,48,70,big_increase
여주시,F,1674,2054,2584,2744,2782,2921,1674,2054,2584,2744,2782,2921,177,-867,690,177,small_decrease
여주시,G,4781,4833,5118,3937,4722,5061,4781,4833,5118,3937,4722,5061,1124,-228,-896,1124,small_increase
여주시,H,1345,1366,2302,1467,2967,3548,1345,1366,2302,1467,2967,3548,2081,-2182,101,2081,big_decrease
여주시,I,3149,3489,3772,2775,3001,3473,3149,3489,3772,2775,3001,3473,698,16,-714,698,small_increase
여주시,J,52,67,66,32,94,89,52,67,66,32,94,89,57,-22,-35,57,big_increase
여주시,K,716,707,744,705,692,700,716,707,744,705,692,700,-5,7,-2,-5,big_increase
여주시,L,418,401,424,423,504,512,418,401,424,423,504,512,89,-111,22,89,big_increase
여주시,M,933,956,945,926,1151,1215,933,956,945,926,1151,1215,289,-259,-30,289,small_increase
여주시,N,1977,2166,2245,2186,2159,2087,1977,2166,2245,2186,2159,2087,-99,79,20,-99,small_increase
여주시,P,1383,1660,1654,1426,1407,1345,1383,1660,1654,1426,1407,1345,-81,315,-234,-81,big_increase
여주시,Q,3565,3581,4093,4473,4667,5074,3565,3581,4093,4473,4667,5074,601,-1493,892,601,small_decrease
여주시,R,2654,2694,2779,2615,2653,2753,2654,2694,2779,2615,2653,2753,138,-59,-79,138,small_increase
여주시,S,1268,1305,1527,1205,1111,1360,1268,1305,1527,1205,1111,1360,155,-55,-100,155,big_increase
연천군,A,126,149,150,110,174,151,126,149,150,110,174,151,41,-2,-39,41,big_increase
연천군,B,64,46,47,46,38,47,64,46,47,46,38,47,1,-1,0,1,big_increase
연천군,C,2677,2632,2721,2556,2528,2538,2677,2632,2721,2556,2528,2538,-18,94,-76,-18,small_increase
연천군,D,59,78,64,70,61,59,59,78,64,70,61,59,-11,19,-8,-11,big_increase
연천군,E,248,300,369,320,339,407,248,300,369,320,339,407,87,-107,20,87,big_increase
연천군,F,1210,1262,1195,1241,1562,1512,1210,1262,1195,1241,1562,1512,271,-250,-21,271,small_increase
연천군,G,967,916,968,875,975,986,967,916,968,875,975,986,111,-70,-41,111,big_increase
연천군,H,214,296,382,373,440,452,214,296,382,373,440,452,79,-156,77,79,big_increase
연천군,I,987,1075,1079,966,945,1013,987,1075,1079,966,945,1013,47,62,-109,47,big_increase
연천군,J,36,36,36,33,37,75,36,36,36,33,37,75,42,-39,-3,42,big_increase
연천군,K,342,335,277,323,302,297,342,335,277,323,302,297,-26,38,-12,-26,big_increase
연천군,L,77,94,98,80,107,104,77,94,98,80,107,104,24,-10,-14,24,big_increase
연천군,M,176,212,218,212,224,190,176,212,218,212,224,190,-22,22,0,-22,big_increase
연천군,N,119,94,169,135,158,168,119,94,169,135,158,168,33,-74,41,33,big_increase
연천군,P,213,239,233,165,185,227,213,239,233,165,185,227,62,12,-74,62,big_increase
연천군,Q,1204,1393,1380,1443,1610,1766,1204,1393,1380,1443,1610,1766,323,-373,50,323,small_increase
연천군,R,240,285,331,364,319,335,240,285,331,364,319,335,-29,-50,79,-29,big_increase
연천군,S,423,504,537,491,432,421,423,504,537,491,432,421,-70,83,-13,-70,big_increase
가평군,A,102,101,106,114,180,133,102,101,106,114,180,133,19,-32,13,19,big_increase
가평군,B,119,128,237,108,113,106,119,128,237,108,113,106,-2,22,-20,-2,big_increase
가평군,C,1545,1688,1585,1451,1584,1724,1545,1688,1585,1451,1584,1724,273,-36,-237,273,small_increase
가평군,D,160,160,160,165,150,165,160,160,160,165,150,165,0,-5,5,0,big_increase
가평군,E,171,178,222,227,279,287,171,178,222,227,279,287,60,-109,49,60,big_increase
가평군,F,1550,1852,2036,1313,1596,2039,1550,1852,2036,1313,1596,2039,726,-187,-539,726,small_increase
가평군,G,1874,2039,1965,1596,1999,1994,1874,2039,1965,1596,1999,1994,398,45,-443,398,small_increase
가평군,H,493,527,495,533,545,512,493,527,495,533,545,512,-21,15,6,-21,big_increase
가평군,I,4749,5407,5651,3528,4233,5198,4749,5407,5651,3528,4233,5198,1670,209,-1879,1670,small_increase
가평군,J,71,96,77,86,119,123,71,96,77,86,119,123,37,-27,-10,37,big_increase
가평군,K,443,417,420,430,495,441,443,417,420,430,495,441,11,-24,13,11,big_increase
가평군,L,229,479,302,262,367,355,229,479,302,262,367,355,93,124,-217,93,big_increase
가평군,M,450,443,460,439,483,512,450,443,460,439,483,512,73,-69,-4,73,big_increase
가평군,N,398,360,401,351,404,457,398,360,401,351,404,457,106,-97,-9,106,big_increase
가평군,P,850,878,857,555,611,803,850,878,857,555,611,803,248,75,-323,248,big_increase
가평군,Q,2152,2328,2261,2498,2694,2596,2152,2328,2261,2498,2694,2596,98,-268,170,98,small_increase
가평군,R,1765,1948,2086,1472,1782,1826,1765,1948,2086,1472,1782,1826,354,122,-476,354,small_increase
가평군,S,1037,1002,1088,1125,1197,1138,1037,1002,1088,1125,1197,1138,13,-136,123,13,big_increase
양평군,A,221,168,120,116,112,121,221,168,120,116,112,121,5,47,-52,5,big_increase
양평군,B,0,0,0,4,0,0,0,0,0,4,0,0,-4,0,4,-4,big_increase
양평군,C,1201,1256,1277,1216,1443,1644,1201,1256,1277,1216,1443,1644,428,-388,-40,428,small_increase
양평군,D,56,55,59,63,66,67,56,55,59,63,66,67,4,-12,8,4,big_increase
양평군,E,138,135,139,102,151,157,138,135,139,102,151,157,55,-22,-33,55,big_increase
양평군,F,1870,2286,2976,2394,2955,3006,1870,2286,2976,2394,2955,3006,612,-720,108,612,small_decrease
양평군,G,2933,3038,3424,2935,3236,3188,2933,3038,3424,2935,3236,3188,253,-150,-103,253,small_increase
양평군,H,594,496,627,568,788,763,594,496,627,568,788,763,195,-267,72,195,big_increase
양평군,I,3585,3545,4597,3339,3229,3503,3585,3545,4597,3339,3229,3503,164,42,-206,164,small_increase
양평군,J,229,132,150,137,195,219,229,132,150,137,195,219,82,-87,5,82,big_increase
양평군,K,577,582,638,642,654,670,577,582,638,642,654,670,28,-88,60,28,big_increase
양평군,L,426,429,531,433,540,514,426,429,531,433,540,514,81,-85,4,81,big_increase
양평군,M,533,549,570,597,715,709,533,549,570,597,715,709,112,-160,48,112,big_increase
양평군,N,270,254,318,324,433,390,270,254,318,324,433,390,66,-136,70,66,big_increase
양평군,P,1314,1533,1668,1393,1319,1548,1314,1533,1668,1393,1319,1548,155,-15,-140,155,big_increase
양평군,Q,3342,3527,3651,3808,4371,4582,3342,3527,3651,3808,4371,4582,774,-1055,281,774,small_decrease
양평군,R,742,743,771,649,611,585,742,743,771,649,611,585,-64,158,-94,-64,big_increase
양평군,S,962,940,1067,995,1068,1081,962,940,1067,995,1068,1081,86,-141,55,86,big_increase
춘천시,A,424,378,451,559,558,519,424,378,451,559,558,519,-40,-141,181,-40,big_increase
춘천시,B,194,155,165,156,68,106,194,155,165,156,68,106,-50,49,1,-50,big_increase
춘천시,C,6403,6665,7058,7152,7204,7426,6403,6665,7058,7152,7204,7426,274,-761,487,274,small_decrease
춘천시,D,660,688,811,839,844,865,660,688,811,839,844,865,26,-177,151,26,big_increase
춘천시,E,325,411,452,503,482,510,325,411,452,503,482,510,7,-99,92,7,big_increase
춘천시,F,6998,8004,8924,7051,7392,7693,6998,8004,8924,7051,7392,7693,642,311,-953,642,small_increase
춘천시,G,10182,10815,11486,9383,9870,10259,10182,10815,11486,9383,9870,10259,876,556,-1432,876,small_increase
춘천시,H,3650,3685,4154,3300,3278,3630,3650,3685,4154,3300,3278,3630,330,55,-385,330,small_increase
춘천시,I,10271,11446,12507,9361,9832,11354,10271,11446,12507,9361,9832,11354,1993,92,-2085,1993,small_increase
춘천시,J,3158,3218,3211,3056,3417,3362,3158,3218,3211,3056,3417,3362,306,-144,-162,306,small_increase
춘천시,K,3882,3844,3806,3399,3396,3484,3882,3844,3806,3399,3396,3484,85,360,-445,85,small_increase
춘천시,L,2507,2976,2686,2419,2584,2503,2507,2976,2686,2419,2584,2503,84,473,-557,84,big_increase
춘천시,M,3221,3784,3569,3972,4636,4690,3221,3784,3569,3972,4636,4690,718,-906,188,718,small_decrease
춘천시,N,3329,3063,3536,3171,3665,3670,3329,3063,3536,3171,3665,3670,499,-607,108,499,small_increase
춘천시,P,4626,5022,5082,4381,4355,4725,4626,5022,5082,4381,4355,4725,344,297,-641,344,small_increase
춘천시,Q,11802,12660,13497,13682,14837,15495,11802,12660,13497,13682,14837,15495,1813,-2835,1022,1813,small_decrease
춘천시,R,2979,3160,3680,2806,3832,4735,2979,3160,3680,2806,3832,4735,1929,-1575,-354,1929,small_decrease
춘천시,S,3981,4163,4463,3311,3359,3654,3981,4163,4463,3311,3359,3654,343,509,-852,343,small_increase
원주시,A,244,278,279,289,307,326,244,278,279,289,307,326,37,-48,11,37,big_increase
원주시,B,735,732,686,672,645,811,735,732,686,672,645,811,139,-79,-60,139,big_increase
원주시,C,18270,18254,18683,17990,18313,18719,18270,18254,18683,17990,18313,18719,729,-465,-264,729,small_increase
원주시,D,340,372,375,389,376,382,340,372,375,389,376,382,-7,-10,17,-7,big_increase
원주시,E,686,785,788,776,809,922,686,785,788,776,809,922,146,-137,-9,146,big_increase
원주시,F,12854,13621,13039,10385,11434,12553,12854,13621,13039,10385,11434,12553,2168,1068,-3236,2168,small_increase
원주시,G,15072,15137,16568,13654,14242,14832,15072,15137,16568,13654,14242,14832,1178,305,-1483,1178,small_increase
원주시,H,3738,3984,4232,3843,3682,3917,3738,3984,4232,3843,3682,3917,74,67,-141,74,small_increase
원주시,I,11430,12009,12862,8963,9902,11403,11430,12009,12862,8963,9902,11403,2440,606,-3046,2440,small_increase
원주시,J,1094,1327,1483,1125,1320,1397,1094,1327,1483,1125,1320,1397,272,-70,-202,272,big_increase
원주시,K,8087,8547,9797,9309,9936,9957,8087,8547,9797,9309,9936,9957,648,-1410,762,648,small_decrease
원주시,L,3298,3267,3217,2765,3130,3272,3298,3267,3217,2765,3130,3272,507,-5,-502,507,small_increase
원주시,M,3935,4355,4720,4747,4830,5095,3935,4355,4720,4747,4830,5095,348,-740,392,348,small_decrease
원주시,N,7414,6776,7982,7355,7001,8263,7414,6776,7982,7355,7001,8263,908,-1487,579,908,small_decrease
원주시,P,7036,7258,7051,6189,6565,7011,7036,7258,7051,6189,6565,7011,822,247,-1069,822,small_increase
원주시,Q,13857,15615,16888,17304,21600,21880,13857,15615,16888,17304,21600,21880,4576,-6265,1689,4576,small_decrease
원주시,R,2261,2281,2658,2061,2133,2353,2261,2281,2658,2061,2133,2353,292,-72,-220,292,small_increase
원주시,S,4657,4723,4798,3929,4381,4540,4657,4723,4798,3929,4381,4540,611,183,-794,611,small_increase
강릉시,A,257,290,287,265,394,357,257,290,287,265,394,357,92,-67,-25,92,big_increase
강릉시,B,315,299,191,162,210,198,315,299,191,162,210,198,36,101,-137,36,big_increase
강릉시,C,6792,6333,6591,6363,6276,6156,6792,6333,6591,6363,6276,6156,-207,177,30,-207,small_increase
강릉시,D,463,449,444,423,370,417,463,449,444,423,370,417,-6,32,-26,-6,big_increase
강릉시,E,350,307,347,508,480,551,350,307,347,508,480,551,43,-244,201,43,big_increase
강릉시,F,7713,8401,8881,7561,8496,8666,7713,8401,8881,7561,8496,8666,1105,-265,-840,1105,small_increase
강릉시,G,9512,9046,10032,8081,8562,8928,9512,9046,10032,8081,8562,8928,847,118,-965,847,small_increase
강릉시,H,3057,3107,3150,2785,2935,2636,3057,3107,3150,2785,2935,2636,-149,471,-322,-149,big_increase
강릉시,I,10313,10335,11719,8432,9183,10239,10313,10335,11719,8432,9183,10239,1807,96,-1903,1807,small_increase
강릉시,J,660,601,645,606,639,634,660,601,645,606,639,634,28,-33,5,28,big_increase
강릉시,K,3191,3040,3104,2716,2777,2745,3191,3040,3104,2716,2777,2745,29,295,-324,29,big_increase
강릉시,L,1062,1139,1159,1049,1287,1410,1062,1139,1159,1049,1287,1410,361,-271,-90,361,small_increase
강릉시,M,1898,2040,2360,2410,2651,2858,1898,2040,2360,2410,2651,2858,448,-818,370,448,small_decrease
강릉시,N,2884,2884,3073,2805,3033,3355,2884,2884,3073,2805,3033,3355,550,-471,-79,550,small_increase
강릉시,P,3312,3902,3705,3407,3008,3222,3312,3902,3705,3407,3008,3222,-185,680,-495,-185,big_increase
강릉시,Q,8050,8461,8909,9324,10287,10700,8050,8461,8909,9324,10287,10700,1376,-2239,863,1376,small_decrease
강릉시,R,969,1094,1485,1065,1157,1413,969,1094,1485,1065,1157,1413,348,-319,-29,348,small_increase
강릉시,S,2807,2845,2930,2312,2447,2644,2807,2845,2930,2312,2447,2644,332,201,-533,332,small_increase
동해시,A,21,18,20,19,17,17,21,18,20,19,17,17,-2,1,1,-2,big_increase
동해시,B,100,84,124,120,123,102,100,84,124,120,123,102,-18,-18,36,-18,big_increase
동해시,C,2895,2918,3087,3076,3333,3520,2895,2918,3087,3076,3333,3520,444,-602,158,444,small_increase
동해시,D,446,442,458,452,366,493,446,442,458,452,366,493,41,-51,10,41,big_increase
동해시,E,124,127,151,108,133,152,124,127,151,108,133,152,44,-25,-19,44,big_increase
동해시,F,3666,3658,3914,3129,3387,3505,3666,3658,3914,3129,3387,3505,376,153,-529,376,small_increase
동해시,G,3270,3220,3468,2896,3162,3215,3270,3220,3468,2896,3162,3215,319,5,-324,319,small_increase
동해시,H,2094,1836,2023,2124,1975,1880,2094,1836,2023,2124,1975,1880,-244,-44,288,-244,small_increase
동해시,I,3207,2990,3231,2253,2388,2600,3207,2990,3231,2253,2388,2600,347,390,-737,347,big_increase
동해시,J,103,83,47,85,81,103,103,83,47,85,81,103,18,-20,2,18,big_increase
동해시,K,981,924,922,929,925,795,981,924,922,929,925,795,-134,129,5,-134,big_increase
동해시,L,475,478,473,468,601,630,475,478,473,468,601,630,162,-152,-10,162,big_increase
동해시,M,355,378,440,388,438,443,355,378,440,388,438,443,55,-65,10,55,big_increase
동해시,N,1158,1243,1380,1257,1658,1721,1158,1243,1380,1257,1658,1721,464,-478,14,464,small_increase
동해시,P,874,872,917,767,804,833,874,872,917,767,804,833,66,39,-105,66,big_increase
동해시,Q,3117,3470,3499,3558,3956,3668,3117,3470,3499,3558,3956,3668,110,-198,88,110,small_increase
동해시,R,352,373,368,254,218,268,352,373,368,254,218,268,14,105,-119,14,big_increase
동해시,S,972,1018,1034,884,871,852,972,1018,1034,884,871,852,-32,166,-134,-32,big_increase
태백시,A,45,55,56,75,86,56,45,55,56,75,86,56,-19,-1,20,-19,big_increase
태백시,B,878,780,662,835,531,622,878,780,662,835,531,622,-213,158,55,-213,big_increase
태백시,C,1093,1081,1084,958,1050,1027,1093,1081,1084,958,1050,1027,69,54,-123,69,big_increase
태백시,D,105,95,118,96,106,123,105,95,118,96,106,123,27,-28,1,27,big_increase
태백시,E,164,202,196,175,180,241,164,202,196,175,180,241,66,-39,-27,66,big_increase
태백시,F,1604,1782,1901,1591,1443,1627,1604,1782,1901,1591,1443,1627,36,155,-191,36,big_increase
태백시,G,1593,1502,1615,1250,1292,1331,1593,1502,1615,1250,1292,1331,81,171,-252,81,big_increase
태백시,H,697,734,663,631,556,569,697,734,663,631,556,569,-62,165,-103,-62,big_increase
태백시,I,1655,1592,1647,1278,1199,1465,1655,1592,1647,1278,1199,1465,187,127,-314,187,big_increase
태백시,J,69,59,51,25,70,72,69,59,51,25,70,72,47,-13,-34,47,big_increase
태백시,K,578,586,563,479,531,501,578,586,563,479,531,501,22,85,-107,22,big_increase
태백시,L,223,230,214,216,220,234,223,230,214,216,220,234,18,-4,-14,18,big_increase
태백시,M,415,416,418,380,271,494,415,416,418,380,271,494,114,-78,-36,114,big_increase
태백시,N,1065,1042,1077,915,578,462,1065,1042,1077,915,578,462,-453,580,-127,-453,big_increase
태백시,P,472,442,388,232,247,221,472,442,388,232,247,221,-11,221,-210,-11,big_increase
태백시,Q,1471,1510,1737,3338,3535,3206,1471,1510,1737,3338,3535,3206,-132,-1696,1828,-132,small_decrease
태백시,R,282,284,358,297,216,293,282,284,358,297,216,293,-4,-9,13,-4,big_increase
태백시,S,705,668,646,728,588,588,705,668,646,728,588,588,-140,80,60,-140,big_increase
속초시,A,45,49,57,66,57,36,45,49,57,66,57,36,-30,13,17,-30,big_increase
속초시,B,0,0,0,0,0,0,0,0,0,0,0,0,0,0,0,0,big_increase
속초시,C,1874,1994,1966,1824,1826,1792,1874,1994,1966,1824,1826,1792,-32,202,-170,-32,big_increase
속초시,D,52,50,67,51,79,67,52,50,67,51,79,67,16,-17,1,16,big_increase
속초시,E,123,132,110,162,163,147,123,132,110,162,163,147,-15,-15,30,-15,big_increase
속초시,F,1905,2108,2333,2122,2113,1915,1905,2108,2333,2122,2113,1915,-207,193,14,-207,big_increase
속초시,G,3385,3602,3886,3129,3214,2900,3385,3602,3886,3129,3214,2900,-229,702,-473,-229,big_increase
속초시,H,1117,1213,1290,925,829,827,1117,1213,1290,925,829,827,-98,386,-288,-98,big_increase
속초시,I,5177,5556,5547,4802,4792,4924,5177,5556,5547,4802,4792,4924,122,632,-754,122,small_increase
속초시,J,208,204,191,186,187,192,208,204,191,186,187,192,6,12,-18,6,big_increase
속초시,K,1087,1068,1154,953,1018,986,1087,1068,1154,953,1018,986,33,82,-115,33,big_increase
속초시,L,703,726,734,695,792,846,703,726,734,695,792,846,151,-120,-31,151,big_increase
속초시,M,443,462,490,494,528,516,443,462,490,494,528,516,22,-54,32,22,big_increase
속초시,N,492,504,595,328,421,335,492,504,595,328,421,335,7,169,-176,7,big_increase
속초시,P,759,832,846,722,656,576,759,832,846,722,656,576,-146,256,-110,-146,big_increase
속초시,Q,2496,2805,2834,3078,3015,3199,2496,2805,2834,3078,3015,3199,121,-394,273,121,small_increase
속초시,R,586,650,689,522,576,495,586,650,689,522,576,495,-27,155,-128,-27,big_increase
속초시,S,985,968,1075,883,778,846,985,968,1075,883,778,846,-37,122,-85,-37,big_increase
삼척시,A,178,187,204,201,179,256,178,187,204,201,179,256,55,-69,14,55,big_increase
삼척시,B,1651,1565,1614,1659,1457,1502,1651,1565,1614,1659,1457,1502,-157,63,94,-157,big_increase
삼척시,C,1801,1940,1838,1674,1612,1674,1801,1940,1838,1674,1612,1674,0,266,-266,0,big_increase
삼척시,D,583,593,641,638,606,654,583,593,641,638,606,654,16,-61,45,16,big_increase
삼척시,E,178,221,254,232,246,297,178,221,254,232,246,297,65,-76,11,65,big_increase
삼척시,F,3432,3562,4415,3356,3771,4726,3432,3562,4415,3356,3771,4726,1370,-1164,-206,1370,small_decrease
삼척시,G,1747,1856,2008,1675,1649,1770,1747,1856,2008,1675,1649,1770,95,86,-181,95,big_increase
삼척시,H,489,537,582,501,508,554,489,537,582,501,508,554,53,-17,-36,53,big_increase
삼척시,I,2476,2598,2682,2034,2027,2208,2476,2598,2682,2034,2027,2208,174,390,-564,174,big_increase
삼척시,J,85,85,44,50,52,61,85,85,44,50,52,61,11,24,-35,11,big_increase
삼척시,K,727,664,644,658,683,650,727,664,644,658,683,650,-8,14,-6,-8,big_increase
삼척시,L,277,292,302,304,343,305,277,292,302,304,343,305,1,-13,12,1,big_increase
삼척시,M,639,716,729,815,882,932,639,716,729,815,882,932,117,-216,99,117,big_increase
삼척시,N,1304,1220,1225,1397,931,895,1304,1220,1225,1397,931,895,-502,325,177,-502,big_increase
삼척시,P,336,380,413,343,342,377,336,380,413,343,342,377,34,3,-37,34,big_increase
삼척시,Q,2083,2216,2288,2438,2651,2961,2083,2216,2288,2438,2651,2961,523,-745,222,523,small_decrease
삼척시,R,402,461,467,370,437,461,402,461,467,370,437,461,91,0,-91,91,big_increase
삼척시,S,692,755,755,711,651,717,692,755,755,711,651,717,6,38,-44,6,big_increase
홍천군,A,217,240,298,377,265,272,217,240,298,377,265,272,-105,-32,137,-105,big_increase
홍천군,B,36,39,64,59,38,44,36,39,64,59,38,44,-15,-5,20,-15,big_increase
홍천군,C,2288,2341,2550,2459,2318,2384,2288,2341,2550,2459,2318,2384,-75,-43,118,-75,small_increase
홍천군,D,75,73,74,63,69,71,75,73,74,63,69,71,8,2,-10,8,big_increase
홍천군,E,169,215,205,275,294,321,169,215,205,275,294,321,46,-106,60,46,big_increase
홍천군,F,2373,2586,2557,2346,2584,2818,2373,2586,2557,2346,2584,2818,472,-232,-240,472,small_increase
홍천군,G,2113,2058,2435,1903,2006,2070,2113,2058,2435,1903,2006,2070,167,-12,-155,167,small_increase
홍천군,H,762,695,837,526,646,679,762,695,837,526,646,679,153,16,-169,153,big_increase
홍천군,I,3553,3369,3593,2625,2918,2848,3553,3369,3593,2625,2918,2848,223,521,-744,223,big_increase
홍천군,J,60,54,51,45,47,70,60,54,51,45,47,70,25,-16,-9,25,big_increase
홍천군,K,764,711,740,668,675,625,764,711,740,668,675,625,-43,86,-43,-43,big_increase
홍천군,L,153,181,183,175,167,164,153,181,183,175,167,164,-11,17,-6,-11,big_increase
홍천군,M,697,711,583,598,652,680,697,711,583,598,652,680,82,31,-113,82,big_increase
홍천군,N,966,987,1128,787,730,1161,966,987,1128,787,730,1161,374,-174,-200,374,big_increase
홍천군,P,452,460,525,372,359,351,452,460,525,372,359,351,-21,109,-88,-21,big_increase
홍천군,Q,1734,1815,1937,2042,2130,2418,1734,1815,1937,2042,2130,2418,376,-603,227,376,small_increase
홍천군,R,705,737,842,781,621,871,705,737,842,781,621,871,90,-134,44,90,big_increase
홍천군,S,659,692,686,688,628,589,659,692,686,688,628,589,-99,103,-4,-99,big_increase
횡성군,A,131,134,158,90,222,232,131,134,158,90,222,232,142,-98,-44,142,big_increase
횡성군,B,27,30,28,25,29,27,27,30,28,25,29,27,2,3,-5,2,big_increase
횡성군,C,3811,4069,4611,5135,5483,5727,3811,4069,4611,5135,5483,5727,592,-1658,1066,592,small_decrease
횡성군,D,46,47,51,52,41,44,46,47,51,52,41,44,-8,3,5,-8,big_increase
횡성군,E,139,119,140,127,182,164,139,119,140,127,182,164,37,-45,8,37,big_increase
횡성군,F,1007,976,1150,1003,963,1211,1007,976,1150,1003,963,1211,208,-235,27,208,small_increase
횡성군,G,1353,1725,1867,1549,1286,1561,1353,1725,1867,1549,1286,1561,12,164,-176,12,big_increase
횡성군,H,270,173,171,265,264,284,270,173,171,265,264,284,19,-111,92,19,big_increase
횡성군,I,1435,1732,1835,1453,1635,1685,1435,1732,1835,1453,1635,1685,232,47,-279,232,big_increase
횡성군,J,49,37,41,36,44,47,49,37,41,36,44,47,11,-10,-1,11,big_increase
횡성군,K,321,334,298,222,279,221,321,334,298,222,279,221,-1,113,-112,-1,big_increase
횡성군,L,141,135,158,145,139,147,141,135,158,145,139,147,2,-12,10,2,big_increase
횡성군,M,284,252,302,284,322,338,284,252,302,284,322,338,54,-86,32,54,big_increase
횡성군,N,320,359,383,364,390,376,320,359,383,364,390,376,12,-17,5,12,big_increase
횡성군,P,554,548,589,576,524,615,554,548,589,576,524,615,39,-67,28,39,big_increase
횡성군,Q,1084,1343,1193,1357,1361,1624,1084,1343,1193,1357,1361,1624,267,-281,14,267,small_increase
횡성군,R,496,532,598,531,558,555,496,532,598,531,558,555,24,-23,-1,24,big_increase
횡성군,S,458,549,486,428,429,414,458,549,486,428,429,414,-14,135,-121,-14,big_increase
영월군,A,44,72,73,80,90,105,44,72,73,80,90,105,25,-33,8,25,big_increase
영월군,B,432,365,426,297,356,377,432,365,426,297,356,377,80,-12,-68,80,big_increase
영월군,C,1827,1958,2087,1830,2060,2172,1827,1958,2087,1830,2060,2172,342,-214,-128,342,small_increase
영월군,D,150,163,178,167,162,165,150,163,178,167,162,165,-2,-2,4,-2,big_increase
영월군,E,78,88,107,104,142,138,78,88,107,104,142,138,34,-50,16,34,big_increase
영월군,F,2030,1719,1757,1615,2030,2011,2030,1719,1757,1615,2030,2011,396,-292,-104,396,small_increase
영월군,G,1029,1078,1176,1052,1070,1033,1029,1078,1176,1052,1070,1033,-19,45,-26,-19,big_increase
영월군,H,406,357,306,291,309,281,406,357,306,291,309,281,-10,76,-66,-10,big_increase
영월군,I,1035,1135,1190,917,863,957,1035,1135,1190,917,863,957,40,178,-218,40,big_increase
영월군,J,41,23,38,26,24,26,41,23,38,26,24,26,0,-3,3,0,big_increase
영월군,K,281,264,246,252,213,216,281,264,246,252,213,216,-36,48,-12,-36,big_increase
영월군,L,71,66,86,74,93,95,71,66,86,74,93,95,21,-29,8,21,big_increase
영월군,M,254,326,348,356,419,395,254,326,348,356,419,395,39,-69,30,39,big_increase
영월군,N,487,499,641,1084,664,783,487,499,641,1084,664,783,-301,-284,585,-301,small_increase
영월군,P,340,344,470,291,270,280,340,344,470,291,270,280,-11,64,-53,-11,big_increase
영월군,Q,1178,1172,1262,1313,1399,1388,1178,1172,1262,1313,1399,1388,75,-216,141,75,small_increase
영월군,R,432,470,505,334,329,323,432,470,505,334,329,323,-11,147,-136,-11,big_increase
영월군,S,509,540,508,429,440,439,509,540,508,429,440,439,10,101,-111,10,big_increase
평창군,A,317,333,312,444,384,485,317,333,312,444,384,485,41,-152,111,41,big_increase
평창군,B,33,33,43,38,40,30,33,33,43,38,40,30,-8,3,5,-8,big_increase
평창군,C,904,896,956,895,906,969,904,896,956,895,906,969,74,-73,-1,74,big_increase
평창군,D,39,51,48,60,53,54,39,51,48,60,53,54,-6,-3,9,-6,big_increase
평창군,E,214,172,211,193,185,167,214,172,211,193,185,167,-26,5,21,-26,big_increase
평창군,F,1450,1565,1353,1673,1704,1800,1450,1565,1353,1673,1704,1800,127,-235,108,127,small_increase
평창군,G,1411,1375,1308,1285,1334,1293,1411,1375,1308,1285,1334,1293,8,82,-90,8,big_increase
평창군,H,283,289,357,336,401,411,283,289,357,336,401,411,75,-122,47,75,big_increase
평창군,I,3181,3689,3899,3568,3104,3456,3181,3689,3899,3568,3104,3456,-112,233,-121,-112,small_increase
평창군,J,65,66,39,30,43,60,65,66,39,30,43,60,30,6,-36,30,big_increase
평창군,K,495,479,492,436,429,440,495,479,492,436,429,440,4,39,-43,4,big_increase
평창군,L,115,128,131,120,150,146,115,128,131,120,150,146,26,-18,-8,26,big_increase
평창군,M,251,239,410,366,385,432,251,239,410,366,385,432,66,-193,127,66,big_increase
평창군,N,768,719,714,604,787,772,768,719,714,604,787,772,168,-53,-115,168,big_increase
평창군,P,304,259,292,232,272,221,304,259,292,232,272,221,-11,38,-27,-11,big_increase
평창군,Q,713,910,926,819,852,991,713,910,926,819,852,991,172,-81,-91,172,big_increase
평창군,R,354,382,798,417,413,475,354,382,798,417,413,475,58,-93,35,58,big_increase
평창군,S,460,449,569,465,454,449,460,449,569,465,454,449,-16,0,16,-16,big_increase
정선군,A,107,72,50,37,121,106,107,72,50,37,121,106,69,-34,-35,69,big_increase
정선군,B,343,261,372,390,342,321,343,261,372,390,342,321,-69,-60,129,-69,big_increase
정선군,C,819,940,911,869,814,801,819,940,911,869,814,801,-68,139,-71,-68,big_increase
정선군,D,40,42,47,47,52,42,40,42,47,47,52,42,-5,0,5,-5,big_increase
정선군,E,45,67,83,74,77,61,45,67,83,74,77,61,-13,6,7,-13,big_increase
정선군,F,1021,952,902,982,996,976,1021,952,902,982,996,976,-6,-24,30,-6,big_increase
정선군,G,749,915,1015,639,635,677,749,915,1015,639,635,677,38,238,-276,38,big_increase
정선군,H,363,343,284,238,299,322,363,343,284,238,299,322,84,21,-105,84,big_increase
정선군,I,2639,2459,2566,1348,1400,1392,2639,2459,2566,1348,1400,1392,44,1067,-1111,44,big_increase
정선군,J,36,34,34,33,37,37,36,34,34,33,37,37,4,-3,-1,4,big_increase
정선군,K,346,299,294,258,263,274,346,299,294,258,263,274,16,25,-41,16,big_increase
정선군,L,114,116,103,88,81,92,114,116,103,88,81,92,4,24,-28,4,big_increase
정선군,M,142,175,228,257,291,195,142,175,228,257,291,195,-62,-20,82,-62,big_increase
정선군,N,1713,1662,1891,1611,2093,2185,1713,1662,1891,1611,2093,2185,574,-523,-51,574,small_increase
정선군,P,119,136,150,97,108,125,119,136,150,97,108,125,28,11,-39,28,big_increase
정선군,Q,795,839,907,1163,1221,1064,795,839,907,1163,1221,1064,-99,-225,324,-99,small_increase
정선군,R,3407,3802,3633,3926,3130,3040,3407,3802,3633,3926,3130,3040,-886,762,124,-886,small_increase
정선군,S,560,528,719,581,513,359,560,528,719,581,513,359,-222,169,53,-222,big_increase
철원군,A,233,206,208,259,302,251,233,206,208,259,302,251,-8,-45,53,-8,big_increase
철원군,B,6,2,0,0,0,0,6,2,0,0,0,0,0,2,-2,0,big_increase
철원군,C,1125,1241,1344,1190,1342,1256,1125,1241,1344,1190,1342,1256,66,-15,-51,66,big_increase
철원군,D,13,69,43,38,39,37,13,69,43,38,39,37,-1,32,-31,-1,big_increase
철원군,E,64,65,70,93,91,92,64,65,70,93,91,92,-1,-27,28,-1,big_increase
철원군,F,1293,1367,1490,1687,1938,1855,1293,1367,1490,1687,1938,1855,168,-488,320,168,small_increase
철원군,G,917,973,984,942,847,990,917,973,984,942,847,990,48,-17,-31,48,big_increase
철원군,H,160,162,148,153,104,126,160,162,148,153,104,126,-27,36,-9,-27,big_increase
철원군,I,974,1059,1130,765,841,898,974,1059,1130,765,841,898,133,161,-294,133,big_increase
철원군,J,39,46,84,41,39,38,39,46,84,41,39,38,-3,8,-5,-3,big_increase
철원군,K,281,298,322,291,246,265,281,298,322,291,246,265,-26,33,-7,-26,big_increase
철원군,L,64,74,64,74,69,72,64,74,64,74,69,72,-2,2,0,-2,big_increase
철원군,M,165,169,213,241,214,195,165,169,213,241,214,195,-46,-26,72,-46,big_increase
철원군,N,94,71,120,137,171,174,94,71,120,137,171,174,37,-103,66,37,big_increase
철원군,P,216,248,215,152,179,141,216,248,215,152,179,141,-11,107,-96,-11,big_increase
철원군,Q,1367,1379,1451,1491,1613,1670,1367,1379,1451,1491,1613,1670,179,-291,112,179,small_increase
철원군,R,311,411,434,342,369,382,311,411,434,342,369,382,40,29,-69,40,big_increase
철원군,S,283,336,429,332,327,398,283,336,429,332,327,398,66,-62,-4,66,big_increase
화천군,A,90,72,141,92,135,72,90,72,141,92,135,72,-20,0,20,-20,big_increase
화천군,B,0,0,0,0,0,0,0,0,0,0,0,0,0,0,0,0,big_increase
화천군,C,427,414,466,357,322,438,427,414,466,357,322,438,81,-24,-57,81,big_increase
화천군,D,57,52,56,54,58,56,57,52,56,54,58,56,2,-4,2,2,big_increase
화천군,E,73,89,85,99,76,91,73,89,85,99,76,91,-8,-2,10,-8,big_increase
화천군,F,825,897,946,828,711,963,825,897,946,828,711,963,135,-66,-69,135,big_increase
화천군,G,424,423,432,403,385,377,424,423,432,403,385,377,-26,46,-20,-26,big_increase
화천군,H,90,76,69,83,60,79,90,76,69,83,60,79,-4,-3,7,-4,big_increase
화천군,I,533,550,538,370,316,265,533,550,538,370,316,265,-105,285,-180,-105,big_increase
화천군,J,83,68,64,44,44,36,83,68,64,44,44,36,-8,32,-24,-8,big_increase
화천군,K,173,133,125,126,125,124,173,133,125,126,125,124,-2,9,-7,-2,big_increase
화천군,L,28,27,51,57,64,55,28,27,51,57,64,55,-2,-28,30,-2,big_increase
화천군,M,62,86,114,111,83,94,62,86,114,111,83,94,-17,-8,25,-17,big_increase
화천군,N,79,82,91,44,61,57,79,82,91,44,61,57,13,25,-38,13,big_increase
화천군,P,167,126,154,94,87,79,167,126,154,94,87,79,-15,47,-32,-15,big_increase
화천군,Q,458,497,548,535,509,606,458,497,548,535,509,606,71,-109,38,71,big_increase
화천군,R,91,95,146,98,95,157,91,95,146,98,95,157,59,-62,3,59,big_increase
화천군,S,229,248,257,255,180,210,229,248,257,255,180,210,-45,38,7,-45,big_increase
양구군,A,69,51,88,125,124,147,69,51,88,125,124,147,22,-96,74,22,big_increase
양구군,B,18,23,31,27,31,27,18,23,31,27,31,27,0,-4,4,0,big_increase
양구군,C,528,549,562,465,449,501,528,549,562,465,449,501,36,48,-84,36,big_increase
양구군,D,26,29,28,26,25,27,26,29,28,26,25,27,1,2,-3,1,big_increase
양구군,E,57,57,49,54,50,59,57,57,49,54,50,59,5,-2,-3,5,big_increase
양구군,F,769,928,997,744,428,904,769,928,997,744,428,904,160,24,-184,160,big_increase
양구군,G,460,501,627,482,407,469,460,501,627,482,407,469,-13,32,-19,-13,big_increase
양구군,H,145,147,144,122,90,112,145,147,144,122,90,112,-10,35,-25,-10,big_increase
양구군,I,605,808,908,528,516,530,605,808,908,528,516,530,2,278,-280,2,big_increase
양구군,J,28,42,46,23,23,23,28,42,46,23,23,23,0,19,-19,0,big_increase
양구군,K,160,166,114,143,150,141,160,166,114,143,150,141,-2,25,-23,-2,big_increase
양구군,L,42,44,49,56,46,55,42,44,49,56,46,55,-1,-11,12,-1,big_increase
양구군,M,90,136,106,129,90,128,90,136,106,129,90,128,-1,8,-7,-1,big_increase
양구군,N,124,109,137,105,93,125,124,109,137,105,93,125,20,-16,-4,20,big_increase
양구군,P,181,188,193,140,147,179,181,188,193,140,147,179,39,9,-48,39,big_increase
양구군,Q,451,517,550,614,493,1374,451,517,550,614,493,1374,760,-857,97,760,small_decrease
양구군,R,80,100,102,58,84,102,80,100,102,58,84,102,44,-2,-42,44,big_increase
양구군,S,176,201,223,206,168,219,176,201,223,206,168,219,13,-18,5,13,big_increase
인제군,A,108,102,84,145,104,160,108,102,84,145,104,160,15,-58,43,15,big_increase
인제군,B,25,18,20,20,18,21,25,18,20,20,18,21,1,-3,2,1,big_increase
인제군,C,759,708,721,696,661,668,759,708,721,696,661,668,-28,40,-12,-28,big_increase
인제군,D,31,30,34,47,43,30,31,30,34,47,43,30,-17,0,17,-17,big_increase
인제군,E,47,37,65,86,110,77,47,37,65,86,110,77,-9,-40,49,-9,big_increase
인제군,F,1000,1365,1446,1494,1538,1948,1000,1365,1446,1494,1538,1948,454,-583,129,454,small_increase
인제군,G,874,887,1084,845,733,865,874,887,1084,845,733,865,20,22,-42,20,big_increase
인제군,H,89,93,125,97,79,95,89,93,125,97,79,95,-2,-2,4,-2,big_increase
인제군,I,868,919,1154,810,752,800,868,919,1154,810,752,800,-10,119,-109,-10,big_increase
인제군,J,12,6,8,5,6,11,12,6,8,5,6,11,6,-5,-1,6,big_increase
인제군,K,331,340,353,264,292,369,331,340,353,264,292,369,105,-29,-76,105,big_increase
인제군,L,28,24,24,32,58,50,28,24,24,32,58,50,18,-26,8,18,big_increase
인제군,M,259,240,305,331,315,271,259,240,305,331,315,271,-60,-31,91,-60,big_increase
인제군,N,158,195,225,164,195,181,158,195,225,164,195,181,17,14,-31,17,big_increase
인제군,P,194,192,255,177,144,183,194,192,255,177,144,183,6,9,-15,6,big_increase
인제군,Q,817,918,936,1884,858,928,817,918,936,1884,858,928,-956,-10,966,-956,small_increase
인제군,R,449,430,451,288,244,306,449,430,451,288,244,306,18,124,-142,18,big_increase
인제군,S,298,307,333,302,284,363,298,307,333,302,284,363,61,-56,-5,61,big_increase
고성군,A,90,83,89,92,139,205,90,83,89,92,139,205,113,-122,9,113,big_increase
고성군,B,52,74,78,66,69,66,52,74,78,66,69,66,0,8,-8,0,big_increase
고성군,C,1053,1163,1152,1005,967,1021,1053,1163,1152,1005,967,1021,16,142,-158,16,big_increase
고성군,D,25,23,24,25,20,20,25,23,24,25,20,20,-5,3,2,-5,big_increase
고성군,E,70,71,76,83,79,93,70,71,76,83,79,93,10,-22,12,10,big_increase
고성군,F,1033,1225,1354,1448,1165,1161,1033,1225,1354,1448,1165,1161,-287,64,223,-287,small_increase
고성군,G,580,697,746,542,641,660,580,697,746,542,641,660,118,37,-155,118,big_increase
고성군,H,130,123,138,117,115,100,130,123,138,117,115,100,-17,23,-6,-17,big_increase
고성군,I,1455,1967,2028,1653,1555,1809,1455,1967,2028,1653,1555,1809,156,158,-314,156,big_increase
고성군,J,16,15,17,10,11,8,16,15,17,10,11,8,-2,7,-5,-2,big_increase
고성군,K,201,182,194,201,177,170,201,182,194,201,177,170,-31,12,19,-31,big_increase
고성군,L,34,43,34,72,96,90,34,43,34,72,96,90,18,-47,29,18,big_increase
고성군,M,120,131,215,198,254,265,120,131,215,198,254,265,67,-134,67,67,big_increase
고성군,N,378,423,433,391,408,328,378,423,433,391,408,328,-63,95,-32,-63,big_increase
고성군,P,305,274,262,185,144,149,305,274,262,185,144,149,-36,125,-89,-36,big_increase
고성군,Q,547,524,1533,2222,2523,2429,547,524,1533,2222,2523,2429,207,-1905,1698,207,small_decrease
고성군,R,374,414,381,339,368,406,374,414,381,339,368,406,67,8,-75,67,big_increase
고성군,S,277,288,286,276,298,300,277,288,286,276,298,300,24,-12,-12,24,big_increase
양양군,A,123,118,80,85,99,91,123,118,80,85,99,91,6,27,-33,6,big_increase
양양군,B,70,74,93,107,108,111,70,74,93,107,108,111,4,-37,33,4,big_increase
양양군,C,938,977,1020,956,975,972,938,977,1020,956,975,972,16,5,-21,16,big_increase
양양군,D,114,123,126,120,126,119,114,123,126,120,126,119,-1,4,-3,-1,big_increase
양양군,E,131,162,144,178,186,203,131,162,144,178,186,203,25,-41,16,25,big_increase
양양군,F,958,1215,1224,940,1136,1183,958,1215,1224,940,1136,1183,243,32,-275,243,big_increase
양양군,G,722,784,947,817,780,824,722,784,947,817,780,824,7,-40,33,7,big_increase
양양군,H,251,244,585,542,588,652,251,244,585,542,588,652,110,-408,298,110,big_increase
양양군,I,1512,1681,1904,1649,1790,2100,1512,1681,1904,1649,1790,2100,451,-419,-32,451,small_increase
양양군,J,20,20,28,10,16,22,20,20,28,10,16,22,12,-2,-10,12,big_increase
양양군,K,219,207,201,205,220,222,219,207,201,205,220,222,17,-15,-2,17,big_increase
양양군,L,111,138,152,151,166,158,111,138,152,151,166,158,7,-20,13,7,big_increase
양양군,M,147,162,175,213,178,218,147,162,175,213,178,218,5,-56,51,5,big_increase
양양군,N,250,255,278,228,301,339,250,255,278,228,301,339,111,-84,-27,111,big_increase
양양군,P,150,227,247,241,263,265,150,227,247,241,263,265,24,-38,14,24,big_increase
양양군,Q,1354,1715,1826,1866,2128,2110,1354,1715,1826,1866,2128,2110,244,-395,151,244,small_increase
양양군,R,223,236,255,163,311,338,223,236,255,163,311,338,175,-102,-73,175,big_increase
양양군,S,397,409,490,406,410,422,397,409,490,406,410,422,16,-13,-3,16,big_increase
충주시,A,586,567,524,416,617,660,586,567,524,416,617,660,244,-93,-151,244,big_increase
충주시,B,231,238,253,232,247,242,231,238,253,232,247,242,10,-4,-6,10,big_increase
충주시,C,18752,20142,20871,21316,23496,24900,18752,20142,20871,21316,23496,24900,3584,-4758,1174,3584,small_increase
충주시,D,147,154,179,127,176,193,147,154,179,127,176,193,66,-39,-27,66,big_increase
충주시,E,543,608,680,735,867,803,543,608,680,735,867,803,68,-195,127,68,big_increase
충주시,F,6336,7250,7798,6035,7733,8521,6336,7250,7798,6035,7733,8521,2486,-1271,-1215,2486,small_decrease
충주시,G,7926,7590,8854,6444,7405,7569,7926,7590,8854,6444,7405,7569,1125,21,-1146,1125,small_increase
충주시,H,2125,2412,2478,2089,2719,2721,2125,2412,2478,2089,2719,2721,632,-309,-323,632,small_increase
충주시,I,7805,7962,8996,4981,6126,7057,7805,7962,8996,4981,6126,7057,2076,905,-2981,2076,small_increase
충주시,J,514,537,466,387,462,436,514,537,466,387,462,436,49,101,-150,49,big_increase
충주시,K,2185,2292,2666,2166,2291,2339,2185,2292,2666,2166,2291,2339,173,-47,-126,173,small_increase
충주시,L,1084,1127,1289,1210,1492,1361,1084,1127,1289,1210,1492,1361,151,-234,83,151,small_increase
충주시,M,1453,1718,1812,1731,1780,2012,1453,1718,1812,1731,1780,2012,281,-294,13,281,small_increase
충주시,N,3300,2650,3159,2906,3141,3353,3300,2650,3159,2906,3141,3353,447,-703,256,447,small_decrease
충주시,P,3346,3556,3474,3182,3566,3648,3346,3556,3474,3182,3566,3648,466,-92,-374,466,small_increase
충주시,Q,7732,8249,8255,8388,9141,9932,7732,8249,8255,8388,9141,9932,1544,-1683,139,1544,small_decrease
충주시,R,1991,2135,2529,2100,2342,2673,1991,2135,2529,2100,2342,2673,573,-538,-35,573,small_increase
충주시,S,2303,2276,2468,1905,2162,2270,2303,2276,2468,1905,2162,2270,365,6,-371,365,small_increase
제천시,A,120,114,179,136,143,149,120,114,179,136,143,149,13,-35,22,13,big_increase
제천시,B,197,162,191,187,203,185,197,162,191,187,203,185,-2,-23,25,-2,big_increase
제천시,C,7730,8115,8377,7587,7918,8230,7730,8115,8377,7587,7918,8230,643,-115,-528,643,small_increase
제천시,D,81,83,59,62,60,83,81,83,59,62,60,83,21,0,-21,21,big_increase
제천시,E,347,363,360,333,362,399,347,363,360,333,362,399,66,-36,-30,66,big_increase
제천시,F,4493,4867,5065,3597,4056,4430,4493,4867,5065,3597,4056,4430,833,437,-1270,833,small_increase
제천시,G,5453,5249,5579,4401,4689,4622,5453,5249,5579,4401,4689,4622,221,627,-848,221,small_increase
제천시,H,3153,3223,3263,2807,3602,3215,3153,3223,3263,2807,3602,3215,408,8,-416,408,small_increase
제천시,I,4115,4327,4843,2841,3045,3597,4115,4327,4843,2841,3045,3597,756,730,-1486,756,big_increase
제천시,J,150,144,112,95,99,117,150,144,112,95,99,117,22,27,-49,22,big_increase
제천시,K,1386,1257,1203,1107,1162,1156,1386,1257,1203,1107,1162,1156,49,101,-150,49,big_increase
제천시,L,709,682,582,479,633,672,709,682,582,479,633,672,193,10,-203,193,big_increase
제천시,M,763,742,816,797,882,898,763,742,816,797,882,898,101,-156,55,101,big_increase
제천시,N,1590,1541,1935,1858,1639,1545,1590,1541,1935,1858,1639,1545,-313,-4,317,-313,small_increase
제천시,P,2409,2332,2362,2361,2422,2407,2409,2332,2362,2361,2422,2407,46,-75,29,46,small_increase
제천시,Q,4609,4821,5315,5751,6413,6896,4609,4821,5315,5751,6413,6896,1145,-2075,930,1145,small_decrease
제천시,R,624,653,764,537,633,707,624,653,764,537,633,707,170,-54,-116,170,big_increase
제천시,S,2011,1950,2050,1740,1759,1860,2011,1950,2050,1740,1759,1860,120,90,-210,120,small_increase
청주시,A,449,353,410,387,488,573,449,353,410,387,488,573,186,-220,34,186,big_increase
청주시,B,200,176,188,190,191,192,200,176,188,190,191,192,2,-16,14,2,big_increase
청주시,C,79248,85279,85039,85812,88491,91392,79248,85279,85039,85812,88491,91392,5580,-6113,533,5580,small_increase
청주시,D,856,907,875,830,866,932,856,907,875,830,866,932,102,-25,-77,102,big_increase
청주시,E,1648,1798,1821,1866,1988,1954,1648,1798,1821,1866,1988,1954,88,-156,68,88,small_increase
청주시,F,21003,24139,23265,20914,23506,23985,21003,24139,23265,20914,23506,23985,3071,154,-3225,3071,small_increase
청주시,G,31990,31991,33440,27123,29373,29830,31990,31991,33440,27123,29373,29830,2707,2161,-4868,2707,small_increase
청주시,H,8666,8749,9053,8269,9503,9493,8666,8749,9053,8269,9503,9493,1224,-744,-480,1224,small_increase
청주시,I,23848,26035,27433,19642,21251,24317,23848,26035,27433,19642,21251,24317,4675,1718,-6393,4675,small_increase
청주시,J,2765,2782,2916,2671,3153,3387,2765,2782,2916,2671,3153,3387,716,-605,-111,716,small_increase
청주시,K,9795,8905,8787,8411,8264,8158,9795,8905,8787,8411,8264,8158,-253,747,-494,-253,small_increase
청주시,L,6206,6630,6437,6076,7105,7212,6206,6630,6437,6076,7105,7212,1136,-582,-554,1136,small_increase
청주시,M,11795,12874,14690,14549,16341,16547,11795,12874,14690,14549,16341,16547,1998,-3673,1675,1998,small_decrease
청주시,N,15699,16805,17198,17668,19113,20161,15699,16805,17198,17668,19113,20161,2493,-3356,863,2493,small_increase
청주시,P,11558,11631,12041,10759,10901,11377,11558,11631,12041,10759,10901,11377,618,254,-872,618,small_increase
청주시,Q,28273,29896,31385,32935,35537,36772,28273,29896,31385,32935,35537,36772,3837,-6876,3039,3837,small_increase
청주시,R,3904,3884,4182,2764,3007,3541,3904,3884,4182,2764,3007,3541,777,343,-1120,777,small_increase
청주시,S,8842,8692,9266,7693,7870,8197,8842,8692,9266,7693,7870,8197,504,495,-999,504,small_increase
보은군,A,156,174,146,228,252,349,156,174,146,228,252,349,121,-175,54,121,big_increase
보은군,B,37,21,16,17,41,39,37,21,16,17,41,39,22,-18,-4,22,big_increase
보은군,C,3424,3414,3567,3782,3674,5692,3424,3414,3567,3782,3674,5692,1910,-2278,368,1910,small_decrease
보은군,D,32,36,36,43,39,37,32,36,36,43,39,37,-6,-1,7,-6,big_increase
보은군,E,98,99,111,103,71,94,98,99,111,103,71,94,-9,5,4,-9,big_increase
보은군,F,942,864,913,831,1048,1128,942,864,913,831,1048,1128,297,-264,-33,297,big_increase
보은군,G,526,491,674,545,492,570,526,491,674,545,492,570,25,-79,54,25,big_increase
보은군,H,215,217,295,243,287,270,215,217,295,243,287,270,27,-53,26,27,big_increase
보은군,I,716,649,909,531,618,698,716,649,909,531,618,698,167,-49,-118,167,big_increase
보은군,J,41,47,34,34,26,24,41,47,34,34,26,24,-10,23,-13,-10,big_increase
보은군,K,297,316,281,286,247,260,297,316,281,286,247,260,-26,56,-30,-26,big_increase
보은군,L,45,42,57,39,45,32,45,42,57,39,45,32,-7,10,-3,-7,big_increase
보은군,M,99,133,96,117,145,150,99,133,96,117,145,150,33,-17,-16,33,big_increase
보은군,N,69,65,121,95,129,98,69,65,121,95,129,98,3,-33,30,3,big_increase
보은군,P,182,230,217,140,166,170,182,230,217,140,166,170,30,60,-90,30,big_increase
보은군,Q,1095,1449,1770,2055,2262,2434,1095,1449,1770,2055,2262,2434,379,-985,606,379,small_decrease
보은군,R,223,185,134,172,143,213,223,185,134,172,143,213,41,-28,-13,41,big_increase
보은군,S,302,304,384,371,322,334,302,304,384,371,322,334,-37,-30,67,-37,big_increase
옥천군,A,134,145,145,129,173,201,134,145,145,129,173,201,72,-56,-16,72,big_increase
옥천군,B,14,16,6,3,7,2,14,16,6,3,7,2,-1,14,-13,-1,big_increase
옥천군,C,5830,5908,5950,5735,5830,6112,5830,5908,5950,5735,5830,6112,377,-204,-173,377,small_increase
옥천군,D,70,69,66,51,61,57,70,69,66,51,61,57,6,12,-18,6,big_increase
옥천군,E,130,137,133,151,162,215,130,137,133,151,162,215,64,-78,14,64,big_increase
옥천군,F,1278,1305,1310,1142,1450,1498,1278,1305,1310,1142,1450,1498,356,-193,-163,356,small_increase
옥천군,G,1226,1459,1474,1306,1504,1663,1226,1459,1474,1306,1504,1663,357,-204,-153,357,small_increase
옥천군,H,858,834,897,767,742,787,858,834,897,767,742,787,20,47,-67,20,big_increase
옥천군,I,1017,1110,1242,857,1020,1050,1017,1110,1242,857,1020,1050,193,60,-253,193,big_increase
옥천군,J,95,108,93,64,81,105,95,108,93,64,81,105,41,3,-44,41,big_increase
옥천군,K,453,490,476,450,458,469,453,490,476,450,458,469,19,21,-40,19,big_increase
옥천군,L,105,112,117,108,154,143,105,112,117,108,154,143,35,-31,-4,35,big_increase
옥천군,M,306,311,319,345,447,462,306,311,319,345,447,462,117,-151,34,117,big_increase
옥천군,N,211,180,213,214,166,176,211,180,213,214,166,176,-38,4,34,-38,big_increase
옥천군,P,286,294,328,300,261,220,286,294,328,300,261,220,-80,74,6,-80,big_increase
옥천군,Q,1864,1985,1962,2069,2657,2455,1864,1985,1962,2069,2657,2455,386,-470,84,386,small_increase
옥천군,R,133,146,161,128,118,107,133,146,161,128,118,107,-21,39,-18,-21,big_increase
옥천군,S,383,429,467,459,460,455,383,429,467,459,460,455,-4,-26,30,-4,big_increase
영동군,A,128,104,109,126,178,192,128,104,109,126,178,192,66,-88,22,66,big_increase
영동군,B,21,18,18,48,51,49,21,18,18,48,51,49,1,-31,30,1,big_increase
영동군,C,2258,2234,2316,2254,2323,2411,2258,2234,2316,2254,2323,2411,157,-177,20,157,small_increase
영동군,D,34,34,34,35,38,39,34,34,34,35,38,39,4,-5,1,4,big_increase
영동군,E,173,187,204,199,246,273,173,187,204,199,246,273,74,-86,12,74,big_increase
영동군,F,1517,1432,1597,1057,1348,1369,1517,1432,1597,1057,1348,1369,312,63,-375,312,big_increase
영동군,G,878,894,1097,976,1030,941,878,894,1097,976,1030,941,-35,-47,82,-35,big_increase
영동군,H,445,443,419,364,397,411,445,443,419,364,397,411,47,32,-79,47,big_increase
영동군,I,787,822,914,546,652,704,787,822,914,546,652,704,158,118,-276,158,big_increase
영동군,J,57,55,60,50,43,38,57,55,60,50,43,38,-12,17,-5,-12,big_increase
영동군,K,429,427,404,298,472,313,429,427,404,298,472,313,15,114,-129,15,big_increase
영동군,L,60,62,65,49,66,60,60,62,65,49,66,60,11,2,-13,11,big_increase
영동군,M,260,192,217,215,245,237,260,192,217,215,245,237,22,-45,23,22,big_increase
영동군,N,176,179,168,81,113,102,176,179,168,81,113,102,21,77,-98,21,big_increase
영동군,P,627,638,593,465,478,498,627,638,593,465,478,498,33,140,-173,33,big_increase
영동군,Q,1522,1685,1847,1874,2202,2153,1522,1685,1847,1874,2202,2153,279,-468,189,279,small_increase
영동군,R,78,75,126,96,103,116,78,75,126,96,103,116,20,-41,21,20,big_increase
영동군,S,459,370,435,417,376,399,459,370,435,417,376,399,-18,-29,47,-18,big_increase
진천군,A,204,211,234,217,252,273,204,211,234,217,252,273,56,-62,6,56,big_increase
진천군,B,57,132,113,113,107,81,57,132,113,113,107,81,-32,51,-19,-32,big_increase
진천군,C,27680,29312,30616,30807,30681,31243,27680,29312,30616,30807,30681,31243,436,-1931,1495,436,small_increase
진천군,D,55,53,55,56,53,50,55,53,55,56,53,50,-6,3,3,-6,big_increase
진천군,E,420,439,452,451,422,528,420,439,452,451,422,528,77,-89,12,77,big_increase
진천군,F,1246,1396,1502,1077,1512,1321,1246,1396,1502,1077,1512,1321,244,75,-319,244,big_increase
진천군,G,2204,2511,2654,2213,2371,2277,2204,2511,2654,2213,2371,2277,64,234,-298,64,big_increase
진천군,H,699,738,1115,907,916,1518,699,738,1115,907,916,1518,611,-780,169,611,small_decrease
진천군,I,1798,2184,2590,1761,1882,2013,1798,2184,2590,1761,1882,2013,252,171,-423,252,big_increase
진천군,J,492,603,544,569,638,672,492,603,544,569,638,672,103,-69,-34,103,big_increase
진천군,K,447,437,438,435,390,423,447,437,438,435,390,423,-12,14,-2,-12,big_increase
진천군,L,245,327,394,432,494,374,245,327,394,432,494,374,-58,-47,105,-58,big_increase
진천군,M,807,887,1100,1159,1180,1240,807,887,1100,1159,1180,1240,81,-353,272,81,small_increase
진천군,N,1351,1425,1746,1406,1825,2007,1351,1425,1746,1406,1825,2007,601,-582,-19,601,small_increase
진천군,P,1174,1198,1173,1197,1282,1213,1174,1198,1173,1197,1282,1213,16,-15,-1,16,big_increase
진천군,Q,1733,2034,2405,2503,2780,3001,1733,2034,2405,2503,2780,3001,498,-967,469,498,small_decrease
진천군,R,965,1097,1381,989,937,1027,965,1097,1381,989,937,1027,38,70,-108,38,big_increase
진천군,S,518,579,634,537,585,460,518,579,634,537,585,460,-77,119,-42,-77,big_increase
괴산군,A,185,190,202,206,277,233,185,190,202,206,277,233,27,-43,16,27,big_increase
괴산군,B,42,35,24,27,23,24,42,35,24,27,23,24,-3,11,-8,-3,big_increase
괴산군,C,3606,3580,3774,3913,3986,3591,3606,3580,3774,3913,3986,3591,-322,-11,333,-322,small_increase
괴산군,D,24,23,18,15,15,16,24,23,18,15,15,16,1,7,-8,1,big_increase
괴산군,E,155,149,168,202,179,179,155,149,168,202,179,179,-23,-30,53,-23,big_increase
괴산군,F,674,630,766,677,951,937,674,630,766,677,951,937,260,-307,47,260,small_increase
괴산군,G,988,978,950,802,910,1005,988,978,950,802,910,1005,203,-27,-176,203,big_increase
괴산군,H,235,352,406,649,371,367,235,352,406,649,371,367,-282,-15,297,-282,big_increase
괴산군,I,693,786,941,603,671,694,693,786,941,603,671,694,91,92,-183,91,big_increase
괴산군,J,26,29,31,39,35,39,26,29,31,39,35,39,0,-10,10,0,big_increase
괴산군,K,273,287,296,312,332,339,273,287,296,312,332,339,27,-52,25,27,big_increase
괴산군,L,40,48,48,36,32,32,40,48,48,36,32,32,-4,16,-12,-4,big_increase
괴산군,M,162,207,257,245,377,381,162,207,257,245,377,381,136,-174,38,136,big_increase
괴산군,N,84,54,196,94,175,94,84,54,196,94,175,94,0,-40,40,0,big_increase
괴산군,P,785,733,707,592,589,578,785,733,707,592,589,578,-14,155,-141,-14,big_increase
괴산군,Q,1074,1099,1122,1285,1399,1499,1074,1099,1122,1285,1399,1499,214,-400,186,214,small_increase
괴산군,R,89,77,76,60,78,88,89,77,76,60,78,88,28,-11,-17,28,big_increase
괴산군,S,424,398,401,364,312,248,424,398,401,364,312,248,-116,150,-34,-116,big_increase
음성군,A,373,450,548,520,735,693,373,450,548,520,735,693,173,-243,70,173,big_increase
음성군,B,0,0,0,0,0,1,0,0,0,0,0,1,1,-1,0,1,big_increase
음성군,C,38779,39730,40871,40546,39973,42355,38779,39730,40871,40546,39973,42355,1809,-2625,816,1809,small_increase
음성군,D,62,58,64,64,83,69,62,58,64,64,83,69,5,-11,6,5,big_increase
음성군,E,395,437,459,400,539,574,395,437,459,400,539,574,174,-137,-37,174,big_increase
음성군,F,1933,2427,2605,2140,2919,3137,1933,2427,2605,2140,2919,3137,997,-710,-287,997,small_decrease
음성군,G,3286,3669,4098,3473,4142,4427,3286,3669,4098,3473,4142,4427,954,-758,-196,954,small_decrease
음성군,H,1380,1437,1565,1477,1733,1660,1380,1437,1565,1477,1733,1660,183,-223,40,183,small_increase
음성군,I,2971,3059,3539,2370,2644,2770,2971,3059,3539,2370,2644,2770,400,289,-689,400,small_increase
음성군,J,381,519,615,616,704,754,381,519,615,616,704,754,138,-235,97,138,big_increase
음성군,K,842,780,784,807,815,808,842,780,784,807,815,808,1,-28,27,1,big_increase
음성군,L,468,515,507,485,613,686,468,515,507,485,613,686,201,-171,-30,201,big_increase
음성군,M,1326,1411,1787,1990,2172,2267,1326,1411,1787,1990,2172,2267,277,-856,579,277,small_decrease
음성군,N,1709,1633,2195,1940,2573,3933,1709,1633,2195,1940,2573,3933,1993,-2300,307,1993,big_decrease
음성군,P,1436,1561,1393,1290,1344,1452,1436,1561,1393,1290,1344,1452,162,109,-271,162,big_increase
음성군,Q,3740,4050,4430,3326,3410,3541,3740,4050,4430,3326,3410,3541,215,509,-724,215,small_increase
음성군,R,554,653,735,657,722,797,554,653,735,657,722,797,140,-144,4,140,big_increase
음성군,S,1316,1208,1351,1258,1342,1363,1316,1208,1351,1258,1342,1363,105,-155,50,105,big_increase
단양군,A,53,68,93,72,68,120,53,68,93,72,68,120,48,-52,4,48,big_increase
단양군,B,211,229,246,249,239,243,211,229,246,249,239,243,-6,-14,20,-6,big_increase
단양군,C,2064,2214,2152,2045,1997,2084,2064,2214,2152,2045,1997,2084,39,130,-169,39,small_increase
단양군,D,42,47,51,54,50,49,42,47,51,54,50,49,-5,-2,7,-5,big_increase
단양군,E,154,159,180,137,182,191,154,159,180,137,182,191,54,-32,-22,54,big_increase
단양군,F,1884,2129,1897,1530,1797,1845,1884,2129,1897,1530,1797,1845,315,284,-599,315,big_increase
단양군,G,635,635,690,473,509,519,635,635,690,473,509,519,46,116,-162,46,big_increase
단양군,H,612,667,707,589,643,667,612,667,707,589,643,667,78,0,-78,78,big_increase
단양군,I,1079,1178,1340,879,770,944,1079,1178,1340,879,770,944,65,234,-299,65,big_increase
단양군,J,6,7,8,9,9,6,6,7,8,9,9,6,-3,1,2,-3,big_increase
단양군,K,201,192,199,159,197,212,201,192,199,159,197,212,53,-20,-33,53,big_increase
단양군,L,50,49,62,54,74,68,50,49,62,54,74,68,14,-19,5,14,big_increase
단양군,M,103,141,140,131,142,161,103,141,140,131,142,161,30,-20,-10,30,big_increase
단양군,N,863,954,961,912,796,669,863,954,961,912,796,669,-243,285,-42,-243,big_increase
단양군,P,71,71,87,58,46,62,71,71,87,58,46,62,4,9,-13,4,big_increase
단양군,Q,736,784,873,895,909,968,736,784,873,895,909,968,73,-184,111,73,big_increase
단양군,R,335,410,428,354,418,454,335,410,428,354,418,454,100,-44,-56,100,big_increase
단양군,S,710,671,725,643,613,631,710,671,725,643,613,631,-12,40,-28,-12,big_increase
증평군,A,57,62,67,63,85,82,57,62,67,63,85,82,19,-20,1,19,big_increase
증평군,B,0,0,0,0,0,0,0,0,0,0,0,0,0,0,0,0,big_increase
증평군,C,3410,3471,4044,4069,4888,4341,3410,3471,4044,4069,4888,4341,272,-870,598,272,small_decrease
증평군,D,40,42,45,46,48,48,40,42,45,46,48,48,2,-6,4,2,big_increase
증평군,E,66,66,50,51,73,67,66,66,50,51,73,67,16,-1,-15,16,big_increase
증평군,F,477,637,668,531,804,690,477,637,668,531,804,690,159,-53,-106,159,big_increase
증평군,G,1131,1138,1212,1069,1093,1103,1131,1138,1212,1069,1093,1103,34,35,-69,34,big_increase
증평군,H,334,303,296,184,208,306,334,303,296,184,208,306,122,-3,-119,122,big_increase
증평군,I,983,908,1107,756,753,798,983,908,1107,756,753,798,42,110,-152,42,big_increase
증평군,J,16,8,13,9,15,11,16,8,13,9,15,11,2,-3,1,2,big_increase
증평군,K,253,247,236,252,262,214,253,247,236,252,262,214,-38,33,5,-38,big_increase
증평군,L,213,211,208,238,219,238,213,211,208,238,219,238,0,-27,27,0,big_increase
증평군,M,104,114,99,86,127,142,104,114,99,86,127,142,56,-28,-28,56,big_increase
증평군,N,480,716,861,940,865,790,480,716,861,940,865,790,-150,-74,224,-150,small_increase
증평군,P,275,273,302,234,340,270,275,273,302,234,340,270,36,3,-39,36,big_increase
증평군,Q,1024,981,1051,1082,1225,1225,1024,981,1051,1082,1225,1225,143,-244,101,143,small_increase
증평군,R,188,151,234,225,255,624,188,151,234,225,255,624,399,-473,74,399,big_increase
증평군,S,293,290,279,249,258,259,293,290,279,249,258,259,10,31,-41,10,big_increase
천안시,A,363,424,444,386,454,617,363,424,444,386,454,617,231,-193,-38,231,big_increase
천안시,B,67,69,76,56,53,47,67,69,76,56,53,47,-9,22,-13,-9,big_increase
천안시,C,80319,81572,82822,84483,86395,87058,80319,81572,82822,84483,86395,87058,2575,-5486,2911,2575,small_increase
천안시,D,210,198,185,176,254,266,210,198,185,176,254,266,90,-68,-22,90,big_increase
천안시,E,1132,1196,1253,1312,1312,1407,1132,1196,1253,1312,1312,1407,95,-211,116,95,small_increase
천안시,F,12405,12703,13628,11578,14448,14708,12405,12703,13628,11578,14448,14708,3130,-2005,-1125,3130,small_decrease
천안시,G,26648,27694,29593,23818,25912,25674,26648,27694,29593,23818,25912,25674,1856,2020,-3876,1856,small_increase
천안시,H,7262,8017,8558,8056,8363,8279,7262,8017,8558,8056,8363,8279,223,-262,39,223,small_increase
천안시,I,22064,22691,24035,16800,17848,20945,22064,22691,24035,16800,17848,20945,4145,1746,-5891,4145,small_increase
천안시,J,1538,1793,2004,1792,2057,2138,1538,1793,2004,1792,2057,2138,346,-345,-1,346,small_increase
천안시,K,6328,5925,5834,5247,5469,5509,6328,5925,5834,5247,5469,5509,262,416,-678,262,small_increase
천안시,L,4086,4453,4781,4423,5187,5335,4086,4453,4781,4423,5187,5335,912,-882,-30,912,small_decrease
천안시,M,7851,8477,8720,8529,9255,10309,7851,8477,8720,8529,9255,10309,1780,-1832,52,1780,small_decrease
천안시,N,14762,14471,16234,16031,16522,16116,14762,14471,16234,16031,16522,16116,85,-1645,1560,85,small_decrease
천안시,P,14891,15395,15713,14336,14369,14482,14891,15395,15713,14336,14369,14482,146,913,-1059,146,small_increase
천안시,Q,22047,23388,24914,25855,28174,28687,22047,23388,24914,25855,28174,28687,2832,-5299,2467,2832,small_increase
천안시,R,3311,3502,3813,2539,2564,3038,3311,3502,3813,2539,2564,3038,499,464,-963,499,big_increase
천안시,S,7398,7198,7681,6614,6249,6383,7398,7198,7681,6614,6249,6383,-231,815,-584,-231,small_increase
공주시,A,182,267,215,259,269,361,182,267,215,259,269,361,102,-94,-8,102,big_increase
공주시,B,41,23,21,18,48,50,41,23,21,18,48,50,32,-27,-5,32,big_increase
공주시,C,8239,8485,9040,8957,9361,9106,8239,8485,9040,8957,9361,9106,149,-621,472,149,small_increase
공주시,D,55,50,50,50,45,52,55,50,50,50,45,52,2,-2,0,2,big_increase
공주시,E,348,306,374,295,327,338,348,306,374,295,327,338,43,-32,-11,43,big_increase
공주시,F,3654,3861,4014,3392,4648,4664,3654,3861,4014,3392,4648,4664,1272,-803,-469,1272,small_decrease
공주시,G,3801,4086,4312,3310,3700,3747,3801,4086,4312,3310,3700,3747,437,339,-776,437,small_increase
공주시,H,1418,1395,1748,1713,1342,1389,1418,1395,1748,1713,1342,1389,-324,6,318,-324,small_increase
공주시,I,3447,3577,3940,2588,2722,3126,3447,3577,3940,2588,2722,3126,538,451,-989,538,small_increase
공주시,J,172,149,144,140,140,178,172,149,144,140,140,178,38,-29,-9,38,big_increase
공주시,K,1192,1067,1073,869,859,864,1192,1067,1073,869,859,864,-5,203,-198,-5,big_increase
공주시,L,562,574,623,529,453,433,562,574,623,529,453,433,-96,141,-45,-96,big_increase
공주시,M,1071,1091,1414,1466,1844,1655,1071,1091,1414,1466,1844,1655,189,-564,375,189,small_increase
공주시,N,1332,2298,2391,2187,1619,1084,1332,2298,2391,2187,1619,1084,-1103,1214,-111,-1103,big_increase
공주시,P,1173,1102,1150,1068,1147,1152,1173,1102,1150,1068,1147,1152,84,-50,-34,84,big_increase
공주시,Q,4058,4514,4816,4819,5417,6450,4058,4514,4816,4819,5417,6450,1631,-1936,305,1631,small_decrease
공주시,R,675,747,717,521,472,616,675,747,717,521,472,616,95,131,-226,95,big_increase
공주시,S,1690,1583,1597,1296,1393,1352,1690,1583,1597,1296,1393,1352,56,231,-287,56,big_increase
보령시,A,372,310,517,587,472,523,372,310,517,587,472,523,-64,-213,277,-64,big_increase
보령시,B,88,91,129,134,67,112,88,91,129,134,67,112,-22,-21,43,-22,big_increase
보령시,C,5213,5110,5390,5235,5027,5424,5213,5110,5390,5235,5027,5424,189,-314,125,189,small_increase
보령시,D,1716,1783,1800,1660,1764,1622,1716,1783,1800,1660,1764,1622,-38,161,-123,-38,big_increase
보령시,E,293,262,274,273,288,312,293,262,274,273,288,312,39,-50,11,39,big_increase
보령시,F,3450,3365,3433,2287,3222,3548,3450,3365,3433,2287,3222,3548,1261,-183,-1078,1261,small_increase
보령시,G,3110,3050,3415,2544,2570,2961,3110,3050,3415,2544,2570,2961,417,89,-506,417,small_increase
보령시,H,810,845,1051,820,866,889,810,845,1051,820,866,889,69,-44,-25,69,big_increase
보령시,I,3429,3465,4237,2746,2640,3154,3429,3465,4237,2746,2640,3154,408,311,-719,408,small_increase
보령시,J,143,115,122,81,89,92,143,115,122,81,89,92,11,23,-34,11,big_increase
보령시,K,1131,1124,1291,992,960,1021,1131,1124,1291,992,960,1021,29,103,-132,29,big_increase
보령시,L,405,374,347,318,438,449,405,374,347,318,438,449,131,-75,-56,131,big_increase
보령시,M,456,633,858,1705,1742,1502,456,633,858,1705,1742,1502,-203,-869,1072,-203,small_decrease
보령시,N,537,395,1043,1236,1331,1587,537,395,1043,1236,1331,1587,351,-1192,841,351,small_decrease
보령시,P,687,684,750,566,613,662,687,684,750,566,613,662,96,22,-118,96,big_increase
보령시,Q,3055,3352,4172,4553,4837,5444,3055,3352,4172,4553,4837,5444,891,-2092,1201,891,small_decrease
보령시,R,264,247,313,188,261,314,264,247,313,188,261,314,126,-67,-59,126,big_increase
보령시,S,935,927,994,976,913,949,935,927,994,976,913,949,-27,-22,49,-27,big_increase
아산시,A,376,331,357,244,533,458,376,331,357,244,533,458,214,-127,-87,214,big_increase
아산시,B,116,109,115,112,94,113,116,109,115,112,94,113,1,-4,3,1,big_increase
아산시,C,86407,90503,90762,93530,96304,93693,86407,90503,90762,93530,96304,93693,163,-3190,3027,163,small_increase
아산시,D,343,456,397,449,395,431,343,456,397,449,395,431,-18,25,-7,-18,big_increase
아산시,E,859,946,714,745,752,832,859,946,714,745,752,832,87,114,-201,87,big_increase
아산시,F,6935,6447,7667,5870,7971,9634,6935,6447,7667,5870,7971,9634,3764,-3187,-577,3764,small_decrease
아산시,G,9794,10148,11229,8532,9869,10945,9794,10148,11229,8532,9869,10945,2413,-797,-1616,2413,small_decrease
아산시,H,3234,3443,3637,3174,3404,3460,3234,3443,3637,3174,3404,3460,286,-17,-269,286,small_increase
아산시,I,9917,10208,11740,7493,8914,10834,9917,10208,11740,7493,8914,10834,3341,-626,-2715,3341,small_increase
아산시,J,358,469,460,505,651,886,358,469,460,505,651,886,381,-417,36,381,small_increase
아산시,K,2348,2169,2168,1968,2410,2431,2348,2169,2168,1968,2410,2431,463,-262,-201,463,small_increase
아산시,L,1223,1408,1568,1470,1954,2216,1223,1408,1568,1470,1954,2216,746,-808,62,746,small_decrease
아산시,M,1804,2241,2440,2276,2885,3265,1804,2241,2440,2276,2885,3265,989,-1024,35,989,small_decrease
아산시,N,3743,3814,4038,3610,4372,4530,3743,3814,4038,3610,4372,4530,920,-716,-204,920,small_decrease
아산시,P,6759,7370,7437,6026,6436,7233,6759,7370,7437,6026,6436,7233,1207,137,-1344,1207,small_increase
아산시,Q,8895,9549,9545,9678,10700,11238,8895,9549,9545,9678,10700,11238,1560,-1689,129,1560,small_decrease
아산시,R,1265,1378,1595,975,1104,1243,1265,1378,1595,975,1104,1243,268,135,-403,268,big_increase
아산시,S,2845,3299,3556,2511,2793,3280,2845,3299,3556,2511,2793,3280,769,19,-788,769,small_increase
서산시,A,292,302,261,273,338,376,292,302,261,273,338,376,103,-74,-29,103,big_increase
서산시,B,78,90,88,85,71,69,78,90,88,85,71,69,-16,21,-5,-16,big_increase
서산시,C,20385,21227,22020,20295,22192,23085,20385,21227,22020,20295,22192,23085,2790,-1858,-932,2790,small_increase
서산시,D,286,318,404,386,454,484,286,318,404,386,454,484,98,-166,68,98,big_increase
서산시,E,490,536,559,536,605,656,490,536,559,536,605,656,120,-120,0,120,big_increase
서산시,F,6951,6985,6371,5686,5942,6951,6951,6985,6371,5686,5942,6951,1265,34,-1299,1265,small_increase
서산시,G,5466,5540,6303,5050,5228,5296,5466,5540,6303,5050,5228,5296,246,244,-490,246,small_increase
서산시,H,2653,2748,2795,2777,3176,2882,2653,2748,2795,2777,3176,2882,105,-134,29,105,small_increase
서산시,I,4873,5185,5482,4023,3671,4236,4873,5185,5482,4023,3671,4236,213,949,-1162,213,small_increase
서산시,J,272,231,256,247,231,286,272,231,256,247,231,286,39,-55,16,39,big_increase
서산시,K,1668,1608,1594,1512,1801,1653,1668,1608,1594,1512,1801,1653,141,-45,-96,141,small_increase
서산시,L,532,590,673,625,939,984,532,590,673,625,939,984,359,-394,35,359,small_increase
서산시,M,1185,1171,1322,1323,1510,1694,1185,1171,1322,1323,1510,1694,371,-523,152,371,small_increase
서산시,N,2277,2163,2489,2161,4128,3822,2277,2163,2489,2161,4128,3822,1661,-1659,-2,1661,small_decrease
서산시,P,1938,1887,2048,1839,1962,2102,1938,1887,2048,1839,1962,2102,263,-215,-48,263,small_increase
서산시,Q,4719,5200,5692,6194,6873,7296,4719,5200,5692,6194,6873,7296,1102,-2096,994,1102,small_decrease
서산시,R,483,482,593,405,416,484,483,482,593,405,416,484,79,-2,-77,79,big_increase
서산시,S,1894,1988,2099,1771,1631,1749,1894,1988,2099,1771,1631,1749,-22,239,-217,-22,big_increase
논산시,A,435,584,471,395,514,602,435,584,471,395,514,602,207,-18,-189,207,big_increase
논산시,B,9,0,21,4,7,4,9,0,21,4,7,4,0,-4,4,0,big_increase
논산시,C,10163,10657,10809,10688,10236,10322,10163,10657,10809,10688,10236,10322,-366,335,31,-366,small_increase
논산시,D,59,57,55,56,61,65,59,57,55,56,61,65,9,-8,-1,9,big_increase
논산시,E,447,471,539,523,534,560,447,471,539,523,534,560,37,-89,52,37,big_increase
논산시,F,2017,2155,2373,2249,2730,2548,2017,2155,2373,2249,2730,2548,299,-393,94,299,small_increase
논산시,G,4231,4153,4720,3590,3612,3905,4231,4153,4720,3590,3612,3905,315,248,-563,315,small_increase
논산시,H,1110,1046,1151,1007,1020,1049,1110,1046,1151,1007,1020,1049,42,-3,-39,42,big_increase
논산시,I,2809,2729,3247,2164,2289,2355,2809,2729,3247,2164,2289,2355,191,374,-565,191,big_increase
논산시,J,144,117,136,109,128,127,144,117,136,109,128,127,18,-10,-8,18,big_increase
논산시,K,1291,1268,1290,1184,1113,1146,1291,1268,1290,1184,1113,1146,-38,122,-84,-38,big_increase
논산시,L,326,337,387,355,361,339,326,337,387,355,361,339,-16,-2,18,-16,big_increase
논산시,M,665,704,632,848,859,784,665,704,632,848,859,784,-64,-80,144,-64,big_increase
논산시,N,508,414,513,414,861,507,508,414,513,414,861,507,93,-93,0,93,big_increase
논산시,P,1920,1866,1918,1722,1959,1891,1920,1866,1918,1722,1959,1891,169,-25,-144,169,small_increase
논산시,Q,5279,5579,5776,5762,6067,6240,5279,5579,5776,5762,6067,6240,478,-661,183,478,small_increase
논산시,R,436,507,562,306,343,437,436,507,562,306,343,437,131,70,-201,131,big_increase
논산시,S,1328,1316,1507,1459,1258,1297,1328,1316,1507,1459,1258,1297,-162,19,143,-162,small_increase
계룡시,A,5,5,4,8,9,10,5,5,4,8,9,10,2,-5,3,2,big_increase
계룡시,B,0,0,0,0,0,0,0,0,0,0,0,0,0,0,0,0,big_increase
계룡시,C,842,885,803,854,888,879,842,885,803,854,888,879,25,6,-31,25,big_increase
계룡시,D,24,29,27,27,18,34,24,29,27,27,18,34,7,-5,-2,7,big_increase
계룡시,E,65,66,60,97,102,112,65,66,60,97,102,112,15,-46,31,15,big_increase
계룡시,F,378,417,495,385,531,506,378,417,495,385,531,506,121,-89,-32,121,big_increase
계룡시,G,1053,1003,1022,853,912,872,1053,1003,1022,853,912,872,19,131,-150,19,big_increase
계룡시,H,461,479,473,462,745,607,461,479,473,462,745,607,145,-128,-17,145,big_increase
계룡시,I,832,838,941,675,825,918,832,838,941,675,825,918,243,-80,-163,243,big_increase
계룡시,J,61,80,69,17,39,34,61,80,69,17,39,34,17,46,-63,17,big_increase
계룡시,K,176,155,136,168,148,155,176,155,136,168,148,155,-13,0,13,-13,big_increase
계룡시,L,269,242,274,198,196,160,269,242,274,198,196,160,-38,82,-44,-38,big_increase
계룡시,M,101,147,187,232,221,268,101,147,187,232,221,268,36,-121,85,36,big_increase
계룡시,N,118,82,169,102,150,186,118,82,169,102,150,186,84,-104,20,84,big_increase
계룡시,P,430,444,469,352,295,347,430,444,469,352,295,347,-5,97,-92,-5,big_increase
계룡시,Q,926,969,967,1085,1061,1184,926,969,967,1085,1061,1184,99,-215,116,99,small_increase
계룡시,R,306,306,307,219,213,216,306,306,307,219,213,216,-3,90,-87,-3,big_increase
계룡시,S,1206,418,412,346,469,331,1206,418,412,346,469,331,-15,87,-72,-15,big_increase
당진시,A,292,306,467,469,517,614,292,306,467,469,517,614,145,-308,163,145,big_increase
당진시,B,75,59,52,55,56,52,75,59,52,55,56,52,-3,7,-4,-3,big_increase
당진시,C,30641,31641,32163,31706,35338,35117,30641,31641,32163,31706,35338,35117,3411,-3476,65,3411,small_increase
당진시,D,1249,1293,1329,1387,1457,1554,1249,1293,1329,1387,1457,1554,167,-261,94,167,small_increase
당진시,E,757,766,868,924,1086,1166,757,766,868,924,1086,1166,242,-400,158,242,small_increase
당진시,F,5081,4785,4665,5393,5731,5958,5081,4785,4665,5393,5731,5958,565,-1173,608,565,small_decrease
당진시,G,5093,5127,5811,4736,5062,5214,5093,5127,5811,4736,5062,5214,478,-87,-391,478,small_increase
당진시,H,2765,2951,2991,2598,3128,3095,2765,2951,2991,2598,3128,3095,497,-144,-353,497,small_increase
당진시,I,4294,4512,5445,3843,4037,4608,4294,4512,5445,3843,4037,4608,765,-96,-669,765,small_increase
당진시,J,215,182,213,228,280,270,215,182,213,228,280,270,42,-88,46,42,big_increase
당진시,K,1246,1319,1416,1323,1334,1464,1246,1319,1416,1323,1334,1464,141,-145,4,141,big_increase
당진시,L,665,620,686,735,844,823,665,620,686,735,844,823,88,-203,115,88,big_increase
당진시,M,1633,1558,1842,2209,2003,2135,1633,1558,1842,2209,2003,2135,-74,-577,651,-74,small_increase
당진시,N,3914,3715,4398,4199,4274,4003,3914,3715,4398,4199,4274,4003,-196,-288,484,-196,small_increase
당진시,P,1925,1736,1916,1761,1828,2047,1925,1736,1916,1761,1828,2047,286,-311,25,286,small_increase
당진시,Q,4869,5377,5934,5913,6659,6371,4869,5377,5934,5913,6659,6371,458,-994,536,458,small_decrease
당진시,R,607,575,771,723,649,798,607,575,771,723,649,798,75,-223,148,75,big_increase
당진시,S,1520,1466,1743,1311,1508,1595,1520,1466,1743,1311,1508,1595,284,-129,-155,284,big_increase
금산군,A,107,116,105,137,181,217,107,116,105,137,181,217,80,-101,21,80,big_increase
금산군,B,83,42,45,76,99,106,83,42,45,76,99,106,30,-64,34,30,big_increase
금산군,C,9631,9920,11070,10520,10659,9733,9631,9920,11070,10520,10659,9733,-787,187,600,-787,small_increase
금산군,D,91,69,62,60,56,50,91,69,62,60,56,50,-10,19,-9,-10,big_increase
금산군,E,248,273,299,308,314,326,248,273,299,308,314,326,18,-53,35,18,big_increase
금산군,F,1079,1190,1321,1212,1488,1125,1079,1190,1321,1212,1488,1125,-87,65,22,-87,big_increase
금산군,G,1621,1699,1849,1585,1654,1582,1621,1699,1849,1585,1654,1582,-3,117,-114,-3,big_increase
금산군,H,427,367,579,544,771,501,427,367,579,544,771,501,-43,-134,177,-43,big_increase
금산군,I,1054,1025,1387,828,774,752,1054,1025,1387,828,774,752,-76,273,-197,-76,big_increase
금산군,J,81,87,107,82,46,57,81,87,107,82,46,57,-25,30,-5,-25,big_increase
금산군,K,383,369,330,326,316,347,383,369,330,326,316,347,21,22,-43,21,big_increase
금산군,L,140,126,161,110,93,132,140,126,161,110,93,132,22,-6,-16,22,big_increase
금산군,M,281,250,358,366,359,316,281,250,358,366,359,316,-50,-66,116,-50,big_increase
금산군,N,312,344,209,222,268,249,312,344,209,222,268,249,27,95,-122,27,big_increase
금산군,P,1194,825,775,796,695,740,1194,825,775,796,695,740,-56,85,-29,-56,big_increase
금산군,Q,1449,1575,1755,1977,2051,2054,1449,1575,1755,1977,2051,2054,77,-479,402,77,small_increase
금산군,R,213,147,180,136,126,195,213,147,180,136,126,195,59,-48,-11,59,big_increase
금산군,S,551,502,612,519,465,426,551,502,612,519,465,426,-93,76,17,-93,big_increase
부여군,A,454,460,453,438,447,424,454,460,453,438,447,424,-14,36,-22,-14,big_increase
부여군,B,75,89,76,81,72,71,75,89,76,81,72,71,-10,18,-8,-10,big_increase
부여군,C,2503,2454,2435,2429,1772,2474,2503,2454,2435,2429,1772,2474,45,-20,-25,45,small_increase
부여군,D,38,51,42,45,43,44,38,51,42,45,43,44,-1,7,-6,-1,big_increase
부여군,E,236,230,228,205,164,206,236,230,228,205,164,206,1,24,-25,1,big_increase
부여군,F,1531,1296,1490,1150,1615,1429,1531,1296,1490,1150,1615,1429,279,-133,-146,279,big_increase
부여군,G,1984,1758,1889,1499,1460,1628,1984,1758,1889,1499,1460,1628,129,130,-259,129,big_increase
부여군,H,494,429,456,421,429,410,494,429,456,421,429,410,-11,19,-8,-11,big_increase
부여군,I,1262,1107,1355,1080,966,982,1262,1107,1355,1080,966,982,-98,125,-27,-98,big_increase
부여군,J,66,60,55,32,54,73,66,60,55,32,54,73,41,-13,-28,41,big_increase
부여군,K,545,534,552,500,449,429,545,534,552,500,449,429,-71,105,-34,-71,big_increase
부여군,L,97,146,85,89,101,79,97,146,85,89,101,79,-10,67,-57,-10,big_increase
부여군,M,314,349,323,430,348,359,314,349,323,430,348,359,-71,-10,81,-71,big_increase
부여군,N,408,356,323,300,284,339,408,356,323,300,284,339,39,17,-56,39,big_increase
부여군,P,270,254,249,218,177,192,270,254,249,218,177,192,-26,62,-36,-26,big_increase
부여군,Q,2079,2088,2150,2217,2035,2612,2079,2088,2150,2217,2035,2612,395,-524,129,395,small_increase
부여군,R,477,353,276,172,281,276,477,353,276,172,281,276,104,77,-181,104,big_increase
부여군,S,629,544,531,475,348,428,629,544,531,475,348,428,-47,116,-69,-47,big_increase
서천군,A,196,206,191,341,281,218,196,206,191,341,281,218,-123,-12,135,-123,big_increase
서천군,B,0,0,0,0,0,0,0,0,0,0,0,0,0,0,0,0,big_increase
서천군,C,4665,4838,4831,4996,5019,5022,4665,4838,4831,4996,5019,5022,26,-184,158,26,small_increase
서천군,D,175,184,205,404,388,382,175,184,205,404,388,382,-22,-198,220,-22,big_increase
서천군,E,165,189,196,186,228,229,165,189,196,186,228,229,43,-40,-3,43,big_increase
서천군,F,1422,1583,1631,1927,1390,1252,1422,1583,1631,1927,1390,1252,-675,331,344,-675,big_increase
서천군,G,1166,1283,1446,1054,968,1100,1166,1283,1446,1054,968,1100,46,183,-229,46,big_increase
서천군,H,730,647,746,450,504,500,730,647,746,450,504,500,50,147,-197,50,big_increase
서천군,I,1161,1138,1470,879,842,1014,1161,1138,1470,879,842,1014,135,124,-259,135,big_increase
서천군,J,75,93,94,82,80,64,75,93,94,82,80,64,-18,29,-11,-18,big_increase
서천군,K,473,487,467,475,480,479,473,487,467,475,480,479,4,8,-12,4,big_increase
서천군,L,96,90,100,104,99,104,96,90,100,104,99,104,0,-14,14,0,big_increase
서천군,M,706,731,837,962,1148,1030,706,731,837,962,1148,1030,68,-299,231,68,small_increase
서천군,N,502,390,459,955,326,331,502,390,459,955,326,331,-624,59,565,-624,big_increase
서천군,P,317,330,356,341,299,313,317,330,356,341,299,313,-28,17,11,-28,big_increase
서천군,Q,2209,2503,4186,4771,5214,5973,2209,2503,4186,4771,5214,5973,1202,-3470,2268,1202,small_decrease
서천군,R,136,144,186,153,131,154,136,144,186,153,131,154,1,-10,9,1,big_increase
서천군,S,525,530,554,495,439,500,525,530,554,495,439,500,5,30,-35,5,big_increase
청양군,A,191,229,206,188,185,220,191,229,206,188,185,220,32,9,-41,32,big_increase
청양군,B,0,6,7,0,0,0,0,6,7,0,0,0,0,6,-6,0,big_increase
청양군,C,2585,2502,2653,2363,2191,2344,2585,2502,2653,2363,2191,2344,-19,158,-139,-19,big_increase
청양군,D,83,78,96,80,83,97,83,78,96,80,83,97,17,-19,2,17,big_increase
청양군,E,49,44,48,33,41,57,49,44,48,33,41,57,24,-13,-11,24,big_increase
청양군,F,971,1079,1171,1339,745,939,971,1079,1171,1339,745,939,-400,140,260,-400,big_increase
청양군,G,798,788,833,710,587,784,798,788,833,710,587,784,74,4,-78,74,big_increase
청양군,H,306,179,201,189,149,165,306,179,201,189,149,165,-24,14,10,-24,big_increase
청양군,I,704,625,590,532,487,635,704,625,590,532,487,635,103,-10,-93,103,big_increase
청양군,J,49,62,57,65,44,54,49,62,57,65,44,54,-11,8,3,-11,big_increase
청양군,K,235,255,238,214,220,242,235,255,238,214,220,242,28,13,-41,28,big_increase
청양군,L,62,63,51,44,42,41,62,63,51,44,42,41,-3,22,-19,-3,big_increase
청양군,M,156,169,152,107,131,166,156,169,152,107,131,166,59,3,-62,59,big_increase
청양군,N,114,116,107,72,63,118,114,116,107,72,63,118,46,-2,-44,46,big_increase
청양군,P,110,107,123,123,88,123,110,107,123,123,88,123,0,-16,16,0,big_increase
청양군,Q,979,905,998,1035,1064,1058,979,905,998,1035,1064,1058,23,-153,130,23,big_increase
청양군,R,132,170,129,112,86,117,132,170,129,112,86,117,5,53,-58,5,big_increase
청양군,S,527,498,506,617,384,425,527,498,506,617,384,425,-192,73,119,-192,big_increase
홍성군,A,404,396,443,467,543,621,404,396,443,467,543,621,154,-225,71,154,big_increase
홍성군,B,53,55,67,75,85,68,53,55,67,75,85,68,-7,-13,20,-7,big_increase
홍성군,C,5072,5330,5182,5165,5056,5566,5072,5330,5182,5165,5056,5566,401,-236,-165,401,small_increase
홍성군,D,65,63,48,50,71,96,65,63,48,50,71,96,46,-33,-13,46,big_increase
홍성군,E,260,308,271,263,299,278,260,308,271,263,299,278,15,30,-45,15,big_increase
홍성군,F,2961,3144,3503,2935,3312,2575,2961,3144,3503,2935,3312,2575,-360,569,-209,-360,big_increase
홍성군,G,3565,3602,3771,3003,3135,3246,3565,3602,3771,3003,3135,3246,243,356,-599,243,small_increase
홍성군,H,828,745,727,540,563,577,828,745,727,540,563,577,37,168,-205,37,big_increase
홍성군,I,2689,2764,2913,1935,2108,2526,2689,2764,2913,1935,2108,2526,591,238,-829,591,small_increase
홍성군,J,260,320,311,272,267,273,260,320,311,272,267,273,1,47,-48,1,big_increase
홍성군,K,1341,1370,1334,1309,1237,1262,1341,1370,1334,1309,1237,1262,-47,108,-61,-47,big_increase
홍성군,L,553,505,455,490,562,536,553,505,455,490,562,536,46,-31,-15,46,big_increase
홍성군,M,544,605,719,751,742,764,544,605,719,751,742,764,13,-159,146,13,big_increase
홍성군,N,888,713,738,656,719,665,888,713,738,656,719,665,9,48,-57,9,big_increase
홍성군,P,1695,2112,2003,1784,1804,1698,1695,2112,2003,1784,1804,1698,-86,414,-328,-86,big_increase
홍성군,Q,3503,3781,4343,4301,4690,4984,3503,3781,4343,4301,4690,4984,683,-1203,520,683,small_decrease
홍성군,R,291,423,471,220,264,294,291,423,471,220,264,294,74,129,-203,74,big_increase
홍성군,S,1242,1306,1411,1210,1151,1115,1242,1306,1411,1210,1151,1115,-95,191,-96,-95,big_increase
예산군,A,208,226,304,322,463,469,208,226,304,322,463,469,147,-243,96,147,big_increase
예산군,B,19,32,21,51,62,51,19,32,21,51,62,51,0,-19,19,0,big_increase
예산군,C,8997,9423,10059,9846,9871,10498,8997,9423,10059,9846,9871,10498,652,-1075,423,652,small_increase
예산군,D,56,59,82,76,73,74,56,59,82,76,73,74,-2,-15,17,-2,big_increase
예산군,E,248,243,302,328,337,324,248,243,302,328,337,324,-4,-81,85,-4,big_increase
예산군,F,1704,1860,2209,2161,2319,2432,1704,1860,2209,2161,2319,2432,271,-572,301,271,small_increase
예산군,G,1996,2058,2429,1826,2161,2272,1996,2058,2429,1826,2161,2272,446,-214,-232,446,small_increase
예산군,H,692,729,817,618,677,707,692,729,817,618,677,707,89,22,-111,89,big_increase
예산군,I,1817,1918,2210,1497,1742,1962,1817,1918,2210,1497,1742,1962,465,-44,-421,465,small_increase
예산군,J,74,74,84,73,112,155,74,74,84,73,112,155,82,-81,-1,82,big_increase
예산군,K,879,866,924,774,874,876,879,866,924,774,874,876,102,-10,-92,102,big_increase
예산군,L,290,409,296,235,355,286,290,409,296,235,355,286,51,123,-174,51,big_increase
예산군,M,337,380,406,464,609,592,337,380,406,464,609,592,128,-212,84,128,big_increase
예산군,N,220,235,346,274,270,298,220,235,346,274,270,298,24,-63,39,24,big_increase
예산군,P,536,526,532,426,452,570,536,526,532,426,452,570,144,-44,-100,144,big_increase
예산군,Q,2350,2538,2688,2880,3152,3468,2350,2538,2688,2880,3152,3468,588,-930,342,588,small_decrease
예산군,R,141,214,300,338,231,337,141,214,300,338,231,337,-1,-123,124,-1,big_increase
예산군,S,823,806,938,928,1009,1111,823,806,938,928,1009,1111,183,-305,122,183,small_increase
태안군,A,141,161,90,155,237,357,141,161,90,155,237,357,202,-196,-6,202,big_increase
태안군,B,37,24,23,16,18,18,37,24,23,16,18,18,2,6,-8,2,big_increase
태안군,C,642,672,904,847,845,842,642,672,904,847,845,842,-5,-170,175,-5,big_increase
태안군,D,1731,1689,1770,1882,1699,1654,1731,1689,1770,1882,1699,1654,-228,35,193,-228,small_increase
태안군,E,146,180,158,165,182,183,146,180,158,165,182,183,18,-3,-15,18,big_increase
태안군,F,1615,1640,2272,2029,3195,2115,1615,1640,2272,2029,3195,2115,86,-475,389,86,small_increase
태안군,G,1660,1575,2213,1643,1555,1755,1660,1575,2213,1643,1555,1755,112,-180,68,112,small_increase
태안군,H,465,509,598,307,354,395,465,509,598,307,354,395,88,114,-202,88,big_increase
태안군,I,2142,1970,2859,2091,1972,2580,2142,1970,2859,2091,1972,2580,489,-610,121,489,small_increase
태안군,J,65,64,72,52,65,99,65,64,72,52,65,99,47,-35,-12,47,big_increase
태안군,K,452,418,447,496,465,464,452,418,447,496,465,464,-32,-46,78,-32,big_increase
태안군,L,107,126,252,175,170,142,107,126,252,175,170,142,-33,-16,49,-33,big_increase
태안군,M,866,888,971,1087,948,962,866,888,971,1087,948,962,-125,-74,199,-125,small_increase
태안군,N,159,178,767,738,740,720,159,178,767,738,740,720,-18,-542,560,-18,small_increase
태안군,P,502,486,565,508,492,396,502,486,565,508,492,396,-112,90,22,-112,big_increase
태안군,Q,1642,1643,1768,2033,2871,2935,1642,1643,1768,2033,2871,2935,902,-1292,390,902,small_decrease
태안군,R,460,330,493,375,481,525,460,330,493,375,481,525,150,-195,45,150,big_increase
태안군,S,528,460,578,478,447,418,528,460,578,478,447,418,-60,42,18,-60,big_increase
전주시,A,337,331,357,425,391,398,337,331,357,425,391,398,-27,-67,94,-27,big_increase
전주시,B,33,48,41,6,19,17,33,48,41,6,19,17,11,31,-42,11,big_increase
전주시,C,12170,12209,12884,12458,12087,12325,12170,12209,12884,12458,12087,12325,-133,-116,249,-133,small_increase
전주시,D,659,695,784,817,763,812,659,695,784,817,763,812,-5,-117,122,-5,big_increase
전주시,E,954,1086,1039,1153,1322,1382,954,1086,1039,1153,1322,1382,229,-296,67,229,small_increase
전주시,F,22022,22569,23050,21161,19553,19509,22022,22569,23050,21161,19553,19509,-1652,3060,-1408,-1652,small_increase
전주시,G,28454,28928,29538,23502,24668,24761,28454,28928,29538,23502,24668,24761,1259,4167,-5426,1259,small_increase
전주시,H,6178,6314,6231,5438,5054,5196,6178,6314,6231,5438,5054,5196,-242,1118,-876,-242,small_increase
전주시,I,21735,22348,23788,16837,17749,20101,21735,22348,23788,16837,17749,20101,3264,2247,-5511,3264,small_increase
전주시,J,2852,3163,3361,3378,3557,3835,2852,3163,3361,3378,3557,3835,457,-672,215,457,small_increase
전주시,K,12389,12386,12968,13323,12584,13085,12389,12386,12968,13323,12584,13085,-238,-699,937,-238,small_decrease
전주시,L,5171,6033,6049,5400,5364,5416,5171,6033,6049,5400,5364,5416,16,617,-633,16,small_increase
전주시,M,7674,8189,8701,8963,9915,10332,7674,8189,8701,8963,9915,10332,1369,-2143,774,1369,small_decrease
전주시,N,10656,10421,10765,9373,9648,9583,10656,10421,10765,9373,9648,9583,210,838,-1048,210,small_increase
전주시,P,11885,12295,12620,11305,10786,10786,11885,12295,12620,11305,10786,10786,-519,1509,-990,-519,small_increase
전주시,Q,28627,30214,31746,34390,35881,37022,28627,30214,31746,34390,35881,37022,2632,-6808,4176,2632,small_increase
전주시,R,3341,3804,4156,2744,2702,3086,3341,3804,4156,2744,2702,3086,342,718,-1060,342,big_increase
전주시,S,9042,9403,10044,8096,8425,8689,9042,9403,10044,8096,8425,8689,593,714,-1307,593,small_increase
군산시,A,279,247,249,260,279,302,279,247,249,260,279,302,42,-55,13,42,big_increase
군산시,B,107,140,90,84,71,88,107,140,90,84,71,88,4,52,-56,4,big_increase
군산시,C,25637,22162,21492,21691,22267,24268,25637,22162,21492,21691,22267,24268,2577,-2106,-471,2577,small_increase
군산시,D,666,872,891,1055,898,1014,666,872,891,1055,898,1014,-41,-142,183,-41,big_increase
군산시,E,992,1075,1111,1058,1164,1218,992,1075,1111,1058,1164,1218,160,-143,-17,160,big_increase
군산시,F,5135,5169,5859,5346,6033,6183,5135,5169,5859,5346,6033,6183,837,-1014,177,837,small_decrease
군산시,G,8193,8880,9404,7453,7444,7755,8193,8880,9404,7453,7444,7755,302,1125,-1427,302,small_increase
군산시,H,3859,3814,3929,3504,4327,3893,3859,3814,3929,3504,4327,3893,389,-79,-310,389,small_increase
군산시,I,7141,7791,8239,5763,6072,6976,7141,7791,8239,5763,6072,6976,1213,815,-2028,1213,small_increase
군산시,J,365,388,321,273,308,328,365,388,321,273,308,328,55,60,-115,55,big_increase
군산시,K,3275,2793,2827,2387,2844,2683,3275,2793,2827,2387,2844,2683,296,110,-406,296,small_increase
군산시,L,1435,1575,1663,1573,1633,1644,1435,1575,1663,1573,1633,1644,71,-69,-2,71,small_increase
군산시,M,1559,1784,2223,2221,2479,2495,1559,1784,2223,2221,2479,2495,274,-711,437,274,small_decrease
군산시,N,4364,4149,3873,3332,3776,3832,4364,4149,3873,3332,3776,3832,500,317,-817,500,small_increase
군산시,P,3899,3819,3619,2998,2976,3042,3899,3819,3619,2998,2976,3042,44,777,-821,44,big_increase
군산시,Q,9526,10881,11926,12963,11644,12013,9526,10881,11926,12963,11644,12013,-950,-1132,2082,-950,small_decrease
군산시,R,842,1014,1096,805,841,962,842,1014,1096,805,841,962,157,52,-209,157,big_increase
군산시,S,2839,2731,2765,2395,2538,2607,2839,2731,2765,2395,2538,2607,212,124,-336,212,small_increase
익산시,A,474,439,488,551,640,690,474,439,488,551,640,690,139,-251,112,139,big_increase
익산시,B,245,211,209,193,180,176,245,211,209,193,180,176,-17,35,-18,-17,big_increase
익산시,C,23366,23440,23511,22532,23287,23380,23366,23440,23511,22532,23287,23380,848,60,-908,848,small_increase
익산시,D,224,246,257,274,237,254,224,246,257,274,237,254,-20,-8,28,-20,big_increase
익산시,E,785,759,718,717,743,804,785,759,718,717,743,804,87,-45,-42,87,big_increase
익산시,F,5885,5392,5737,6023,5813,5573,5885,5392,5737,6023,5813,5573,-450,-181,631,-450,small_increase
익산시,G,10258,9745,11435,8940,9049,8936,10258,9745,11435,8940,9049,8936,-4,809,-805,-4,small_increase
익산시,H,3714,3585,3706,3414,3731,3897,3714,3585,3706,3414,3731,3897,483,-312,-171,483,small_increase
익산시,I,6921,7311,8111,5480,5866,6491,6921,7311,8111,5480,5866,6491,1011,820,-1831,1011,small_increase
익산시,J,498,460,397,386,420,499,498,460,397,386,420,499,113,-39,-74,113,big_increase
익산시,K,3333,3454,3308,3012,3103,3008,3333,3454,3308,3012,3103,3008,-4,446,-442,-4,big_increase
익산시,L,1750,1665,1747,1775,1928,1838,1750,1665,1747,1775,1928,1838,63,-173,110,63,small_increase
익산시,M,1829,2066,2948,2444,2784,2760,1829,2066,2948,2444,2784,2760,316,-694,378,316,small_decrease
익산시,N,3846,3942,3811,3027,3186,3150,3846,3942,3811,3027,3186,3150,123,792,-915,123,big_increase
익산시,P,6265,5716,6171,5642,5631,5175,6265,5716,6171,5642,5631,5175,-467,541,-74,-467,small_increase
익산시,Q,11603,12439,13583,13753,14294,14997,11603,12439,13583,13753,14294,14997,1244,-2558,1314,1244,small_increase
익산시,R,1290,1209,1239,817,861,962,1290,1209,1239,817,861,962,145,247,-392,145,big_increase
익산시,S,3299,3354,3633,2812,2879,2920,3299,3354,3633,2812,2879,2920,108,434,-542,108,big_increase
정읍시,A,431,488,422,394,436,481,431,488,422,394,436,481,87,7,-94,87,big_increase
정읍시,B,74,80,73,77,62,39,74,80,73,77,62,39,-38,41,-3,-38,big_increase
정읍시,C,7538,7545,7947,7930,7994,7893,7538,7545,7947,7930,7994,7893,-37,-348,385,-37,small_increase
정읍시,D,95,103,95,94,94,96,95,103,95,94,94,96,2,7,-9,2,big_increase
정읍시,E,287,292,285,313,310,349,287,292,285,313,310,349,36,-57,21,36,big_increase
정읍시,F,1809,1852,2083,2023,2507,2413,1809,1852,2083,2023,2507,2413,390,-561,171,390,small_increase
정읍시,G,3197,3179,3471,2866,2905,2924,3197,3179,3471,2866,2905,2924,58,255,-313,58,small_increase
정읍시,H,1147,942,1006,606,694,760,1147,942,1006,606,694,760,154,182,-336,154,big_increase
정읍시,I,2069,2149,2470,1677,1976,2063,2069,2149,2470,1677,1976,2063,386,86,-472,386,small_increase
정읍시,J,279,296,199,173,169,157,279,296,199,173,169,157,-16,139,-123,-16,big_increase
정읍시,K,1387,1246,1256,1177,1193,1178,1387,1246,1256,1177,1193,1178,1,68,-69,1,big_increase
정읍시,L,348,331,380,379,424,453,348,331,380,379,424,453,74,-122,48,74,big_increase
정읍시,M,990,1081,837,809,1138,1243,990,1081,837,809,1138,1243,434,-162,-272,434,big_increase
정읍시,N,545,574,660,401,470,430,545,574,660,401,470,430,29,144,-173,29,big_increase
정읍시,P,1273,1260,1347,1224,1164,1351,1273,1260,1347,1224,1164,1351,127,-91,-36,127,big_increase
정읍시,Q,5392,4660,4936,5114,5486,5982,5392,4660,4936,5114,5486,5982,868,-1322,454,868,small_decrease
정읍시,R,500,494,565,549,656,688,500,494,565,549,656,688,139,-194,55,139,big_increase
정읍시,S,1042,1047,1161,1115,1084,1070,1042,1047,1161,1115,1084,1070,-45,-23,68,-45,big_increase
남원시,A,131,138,142,155,178,177,131,138,142,155,178,177,22,-39,17,22,big_increase
남원시,B,184,213,272,214,192,142,184,213,272,214,192,142,-72,71,1,-72,big_increase
남원시,C,2757,2883,2929,2788,2598,2707,2757,2883,2929,2788,2598,2707,-81,176,-95,-81,small_increase
남원시,D,68,71,72,72,63,61,68,71,72,72,63,61,-11,10,1,-11,big_increase
남원시,E,61,61,60,53,71,64,61,61,60,53,71,64,11,-3,-8,11,big_increase
남원시,F,1554,1606,1782,1448,1868,2030,1554,1606,1782,1448,1868,2030,582,-424,-158,582,small_increase
남원시,G,2411,2561,2862,2180,1987,2140,2411,2561,2862,2180,1987,2140,-40,421,-381,-40,big_increase
남원시,H,527,513,556,480,556,541,527,513,556,480,556,541,61,-28,-33,61,big_increase
남원시,I,1863,1682,2085,1347,1291,1562,1863,1682,2085,1347,1291,1562,215,120,-335,215,big_increase
남원시,J,90,92,75,67,82,79,90,92,75,67,82,79,12,13,-25,12,big_increase
남원시,K,1026,1048,990,830,788,853,1026,1048,990,830,788,853,23,195,-218,23,big_increase
남원시,L,273,268,304,280,286,291,273,268,304,280,286,291,11,-23,12,11,big_increase
남원시,M,477,452,507,524,577,572,477,452,507,524,577,572,48,-120,72,48,big_increase
남원시,N,469,225,283,184,283,350,469,225,283,184,283,350,166,-125,-41,166,big_increase
남원시,P,670,629,602,478,474,516,670,629,602,478,474,516,38,113,-151,38,big_increase
남원시,Q,3437,3417,3419,3680,3696,4102,3437,3417,3419,3680,3696,4102,422,-685,263,422,small_decrease
남원시,R,500,541,550,376,373,367,500,541,550,376,373,367,-9,174,-165,-9,big_increase
남원시,S,739,669,739,576,566,500,739,669,739,576,566,500,-76,169,-93,-76,big_increase
김제시,A,518,573,566,641,677,737,518,573,566,641,677,737,96,-164,68,96,big_increase
김제시,B,5,0,0,5,6,1,5,0,0,5,6,1,-4,-1,5,-4,big_increase
김제시,C,9443,9829,10364,10155,10883,11039,9443,9829,10364,10155,10883,11039,884,-1210,326,884,small_decrease
김제시,D,90,85,79,97,70,77,90,85,79,97,70,77,-20,8,12,-20,big_increase
김제시,E,265,275,286,317,276,294,265,275,286,317,276,294,-23,-19,42,-23,big_increase
김제시,F,1705,1893,1912,2349,1995,1973,1705,1893,1912,2349,1995,1973,-376,-80,456,-376,small_increase
김제시,G,3388,3537,3870,3148,3278,3187,3388,3537,3870,3148,3278,3187,39,350,-389,39,small_increase
김제시,H,882,795,692,640,811,862,882,795,692,640,811,862,222,-67,-155,222,big_increase
김제시,I,1489,1539,1772,1303,1333,1446,1489,1539,1772,1303,1333,1446,143,93,-236,143,big_increase
김제시,J,122,107,95,93,115,124,122,107,95,93,115,124,31,-17,-14,31,big_increase
김제시,K,780,773,702,621,712,666,780,773,702,621,712,666,45,107,-152,45,big_increase
김제시,L,197,217,226,199,210,238,197,217,226,199,210,238,39,-21,-18,39,big_increase
김제시,M,447,474,450,454,604,636,447,474,450,454,604,636,182,-162,-20,182,big_increase
김제시,N,524,545,578,565,490,495,524,545,578,565,490,495,-70,50,20,-70,big_increase
김제시,P,889,864,982,807,779,778,889,864,982,807,779,778,-29,86,-57,-29,big_increase
김제시,Q,3545,3777,4091,4613,4756,4969,3545,3777,4091,4613,4756,4969,356,-1192,836,356,small_decrease
김제시,R,443,455,497,240,275,582,443,455,497,240,275,582,342,-127,-215,342,big_increase
김제시,S,935,975,1038,916,858,954,935,975,1038,916,858,954,38,21,-59,38,big_increase
완주군,A,128,132,175,176,217,193,128,132,175,176,217,193,17,-61,44,17,big_increase
완주군,B,56,40,48,49,57,58,56,40,48,49,57,58,9,-18,9,9,big_increase
완주군,C,19808,20059,20666,20366,21317,21087,19808,20059,20666,20366,21317,21087,721,-1028,307,721,small_increase
완주군,D,7,19,15,21,21,19,7,19,15,21,21,19,-2,0,2,-2,big_increase
완주군,E,120,164,184,139,206,179,120,164,184,139,206,179,40,-15,-25,40,big_increase
완주군,F,1681,1745,1918,1835,3446,3143,1681,1745,1918,1835,3446,3143,1308,-1398,90,1308,small_decrease
완주군,G,2971,2877,3546,2687,2887,2726,2971,2877,3546,2687,2887,2726,39,151,-190,39,small_increase
완주군,H,1561,1294,1378,1170,1795,1859,1561,1294,1378,1170,1795,1859,689,-565,-124,689,small_increase
완주군,I,2721,3067,3283,2436,2685,2914,2721,3067,3283,2436,2685,2914,478,153,-631,478,small_increase
완주군,J,171,167,162,127,167,171,171,167,162,127,167,171,44,-4,-40,44,big_increase
완주군,K,338,410,374,375,404,405,338,410,374,375,404,405,30,5,-35,30,big_increase
완주군,L,257,335,389,306,400,391,257,335,389,306,400,391,85,-56,-29,85,big_increase
완주군,M,2372,2940,2166,2060,2192,2348,2372,2940,2166,2060,2192,2348,288,592,-880,288,big_increase
완주군,N,1271,1440,1173,515,799,868,1271,1440,1173,515,799,868,353,572,-925,353,big_increase
완주군,P,2610,2375,2197,2246,2161,2123,2610,2375,2197,2246,2161,2123,-123,252,-129,-123,big_increase
완주군,Q,3474,3530,3891,3549,3805,3936,3474,3530,3891,3549,3805,3936,387,-406,19,387,small_increase
완주군,R,248,272,373,283,249,221,248,272,373,283,249,221,-62,51,11,-62,big_increase
완주군,S,965,1081,1133,831,934,1000,965,1081,1133,831,934,1000,169,81,-250,169,big_increase
진안군,A,137,133,159,188,167,176,137,133,159,188,167,176,-12,-43,55,-12,big_increase
진안군,B,0,0,0,0,0,0,0,0,0,0,0,0,0,0,0,0,big_increase
진안군,C,1019,1000,1035,967,951,1008,1019,1000,1035,967,951,1008,41,-8,-33,41,big_increase
진안군,D,30,32,32,33,33,33,30,32,32,33,33,33,0,-1,1,0,big_increase
진안군,E,105,113,118,111,110,126,105,113,118,111,110,126,15,-13,-2,15,big_increase
진안군,F,714,834,814,698,756,735,714,834,814,698,756,735,37,99,-136,37,big_increase
진안군,G,533,553,622,452,392,474,533,553,622,452,392,474,22,79,-101,22,big_increase
진안군,H,195,251,237,288,238,174,195,251,237,288,238,174,-114,77,37,-114,big_increase
진안군,I,360,463,519,383,324,395,360,463,519,383,324,395,12,68,-80,12,big_increase
진안군,J,47,45,46,37,35,40,47,45,46,37,35,40,3,5,-8,3,big_increase
진안군,K,274,266,297,274,218,262,274,266,297,274,218,262,-12,4,8,-12,big_increase
진안군,L,11,10,13,18,25,25,11,10,13,18,25,25,7,-15,8,7,big_increase
진안군,M,138,175,165,222,198,216,138,175,165,222,198,216,-6,-41,47,-6,big_increase
진안군,N,173,148,124,43,45,53,173,148,124,43,45,53,10,95,-105,10,big_increase
진안군,P,155,158,185,167,146,106,155,158,185,167,146,106,-61,52,9,-61,big_increase
진안군,Q,758,822,848,944,948,1002,758,822,848,944,948,1002,58,-180,122,58,big_increase
진안군,R,51,84,56,51,39,60,51,84,56,51,39,60,9,24,-33,9,big_increase
진안군,S,234,247,256,266,264,259,234,247,256,266,264,259,-7,-12,19,-7,big_increase
무주군,A,56,23,165,84,96,98,56,23,165,84,96,98,14,-75,61,14,big_increase
무주군,B,6,10,4,2,2,2,6,10,4,2,2,2,0,8,-8,0,big_increase
무주군,C,485,394,585,553,517,569,485,394,585,553,517,569,16,-175,159,16,big_increase
무주군,D,98,97,101,100,99,97,98,97,101,100,99,97,-3,0,3,-3,big_increase
무주군,E,30,27,58,35,50,55,30,27,58,35,50,55,20,-28,8,20,big_increase
무주군,F,742,728,895,923,1071,1115,742,728,895,923,1071,1115,192,-387,195,192,small_increase
무주군,G,458,492,678,557,551,522,458,492,678,557,551,522,-35,-30,65,-35,big_increase
무주군,H,251,171,271,209,215,209,251,171,271,209,215,209,0,-38,38,0,big_increase
무주군,I,1027,988,1084,933,851,1154,1027,988,1084,933,851,1154,221,-166,-55,221,big_increase
무주군,J,20,25,24,26,37,35,20,25,24,26,37,35,9,-10,1,9,big_increase
무주군,K,154,146,152,137,128,142,154,146,152,137,128,142,5,4,-9,5,big_increase
무주군,L,21,21,29,31,41,41,21,21,29,31,41,41,10,-20,10,10,big_increase
무주군,M,56,67,104,90,134,95,56,67,104,90,134,95,5,-28,23,5,big_increase
무주군,N,398,399,561,495,561,526,398,399,561,495,561,526,31,-127,96,31,big_increase
무주군,P,196,183,261,153,153,123,196,183,261,153,153,123,-30,60,-30,-30,big_increase
무주군,Q,797,791,1025,958,813,982,797,791,1025,958,813,982,24,-191,167,24,big_increase
무주군,R,217,304,307,177,138,224,217,304,307,177,138,224,47,80,-127,47,big_increase
무주군,S,265,268,350,344,280,232,265,268,350,344,280,232,-112,36,76,-112,big_increase
장수군,A,161,169,158,198,237,248,161,169,158,198,237,248,50,-79,29,50,big_increase
장수군,B,20,18,16,6,12,15,20,18,16,6,12,15,9,3,-12,9,big_increase
장수군,C,872,879,658,658,694,657,872,879,658,658,694,657,-1,222,-221,-1,big_increase
장수군,D,24,27,27,26,27,27,24,27,27,26,27,27,1,0,-1,1,big_increase
장수군,E,63,68,91,104,121,102,63,68,91,104,121,102,-2,-34,36,-2,big_increase
장수군,F,270,337,508,624,787,813,270,337,508,624,787,813,189,-476,287,189,small_increase
장수군,G,426,472,498,427,421,439,426,472,498,427,421,439,12,33,-45,12,big_increase
장수군,H,8,14,28,23,20,32,8,14,28,23,20,32,9,-18,9,9,big_increase
장수군,I,343,356,428,312,302,277,343,356,428,312,302,277,-35,79,-44,-35,big_increase
장수군,J,39,35,30,25,19,22,39,35,30,25,19,22,-3,13,-10,-3,big_increase
장수군,K,162,147,156,157,169,160,162,147,156,157,169,160,3,-13,10,3,big_increase
장수군,L,17,12,19,14,23,22,17,12,19,14,23,22,8,-10,2,8,big_increase
장수군,M,63,107,111,114,105,85,63,107,111,114,105,85,-29,22,7,-29,big_increase
장수군,N,51,47,63,45,32,59,51,47,63,45,32,59,14,-12,-2,14,big_increase
장수군,P,109,93,129,132,130,94,109,93,129,132,130,94,-38,-1,39,-38,big_increase
장수군,Q,642,658,684,776,852,955,642,658,684,776,852,955,179,-297,118,179,small_increase
장수군,R,279,202,258,238,267,278,279,202,258,238,267,278,40,-76,36,40,big_increase
장수군,S,154,162,161,153,125,142,154,162,161,153,125,142,-11,20,-9,-11,big_increase
임실군,A,159,190,189,175,165,159,159,190,189,175,165,159,-16,31,-15,-16,big_increase
임실군,B,3,4,1,0,0,0,3,4,1,0,0,0,0,4,-4,0,big_increase
임실군,C,1452,1514,1515,1479,1664,1501,1452,1514,1515,1479,1664,1501,22,13,-35,22,big_increase
임실군,D,50,57,54,49,41,163,50,57,54,49,41,163,114,-106,-8,114,big_increase
임실군,E,37,38,50,44,68,66,37,38,50,44,68,66,22,-28,6,22,big_increase
임실군,F,528,604,652,1452,2059,892,528,604,652,1452,2059,892,-560,-288,848,-560,small_increase
임실군,G,497,488,515,481,572,527,497,488,515,481,572,527,46,-39,-7,46,big_increase
임실군,H,172,164,174,192,195,198,172,164,174,192,195,198,6,-34,28,6,big_increase
임실군,I,363,440,496,510,525,536,363,440,496,510,525,536,26,-96,70,26,big_increase
임실군,J,41,51,44,29,26,37,41,51,44,29,26,37,8,14,-22,8,big_increase
임실군,K,232,257,195,212,256,224,232,257,195,212,256,224,12,33,-45,12,big_increase
임실군,L,16,22,26,21,41,14,16,22,26,21,41,14,-7,8,-1,-7,big_increase
임실군,M,100,124,143,87,160,143,100,124,143,87,160,143,56,-19,-37,56,big_increase
임실군,N,50,70,93,179,103,106,50,70,93,179,103,106,-73,-36,109,-73,big_increase
임실군,P,241,317,268,252,348,117,241,317,268,252,348,117,-135,200,-65,-135,big_increase
임실군,Q,1222,1556,1735,2282,2401,2421,1222,1556,1735,2282,2401,2421,139,-865,726,139,small_decrease
임실군,R,219,243,246,197,294,209,219,243,246,197,294,209,12,34,-46,12,big_increase
임실군,S,228,238,262,209,258,278,228,238,262,209,258,278,69,-40,-29,69,big_increase
순창군,A,124,143,133,131,130,173,124,143,133,131,130,173,42,-30,-12,42,big_increase
순창군,B,19,29,36,34,37,32,19,29,36,34,37,32,-2,-3,5,-2,big_increase
순창군,C,1320,1229,1261,1145,1179,1257,1320,1229,1261,1145,1179,1257,112,-28,-84,112,big_increase
순창군,D,29,27,32,33,33,33,29,27,32,33,33,33,0,-6,6,0,big_increase
순창군,E,58,57,48,54,64,69,58,57,48,54,64,69,15,-12,-3,15,big_increase
순창군,F,563,544,485,429,729,746,563,544,485,429,729,746,317,-202,-115,317,big_increase
순창군,G,471,417,530,413,399,425,471,417,530,413,399,425,12,-8,-4,12,big_increase
순창군,H,49,55,125,119,117,111,49,55,125,119,117,111,-8,-56,64,-8,big_increase
순창군,I,540,428,512,386,346,338,540,428,512,386,346,338,-48,90,-42,-48,big_increase
순창군,J,58,53,53,50,43,51,58,53,53,50,43,51,1,2,-3,1,big_increase
순창군,K,240,255,225,229,220,243,240,255,225,229,220,243,14,12,-26,14,big_increase
순창군,L,35,37,36,35,60,48,35,37,36,35,60,48,13,-11,-2,13,big_increase
순창군,M,58,57,67,89,68,107,58,57,67,89,68,107,18,-50,32,18,big_increase
순창군,N,116,40,49,45,46,74,116,40,49,45,46,74,29,-34,5,29,big_increase
순창군,P,169,169,152,154,154,172,169,169,152,154,154,172,18,-3,-15,18,big_increase
순창군,Q,1068,1062,1077,1088,1208,1302,1068,1062,1077,1088,1208,1302,214,-240,26,214,small_increase
순창군,R,100,121,139,99,123,119,100,121,139,99,123,119,20,2,-22,20,big_increase
순창군,S,236,232,272,279,254,271,236,232,272,279,254,271,-8,-39,47,-8,big_increase
고창군,A,312,332,408,487,404,542,312,332,408,487,404,542,55,-210,155,55,big_increase
고창군,B,61,76,78,56,44,48,61,76,78,56,44,48,-8,28,-20,-8,big_increase
고창군,C,1813,1960,2023,1779,1699,1802,1813,1960,2023,1779,1699,1802,23,158,-181,23,big_increase
고창군,D,57,63,74,65,65,52,57,63,74,65,65,52,-13,11,2,-13,big_increase
고창군,E,78,69,77,58,34,45,78,69,77,58,34,45,-13,24,-11,-13,big_increase
고창군,F,1847,1895,2236,1685,1496,1500,1847,1895,2236,1685,1496,1500,-185,395,-210,-185,big_increase
고창군,G,1499,1421,1910,1452,1339,1370,1499,1421,1910,1452,1339,1370,-82,51,31,-82,big_increase
고창군,H,368,323,294,346,271,202,368,323,294,346,271,202,-144,121,23,-144,big_increase
고창군,I,1295,1143,1304,905,895,989,1295,1143,1304,905,895,989,84,154,-238,84,big_increase
고창군,J,68,75,72,54,55,62,68,75,72,54,55,62,8,13,-21,8,big_increase
고창군,K,501,506,462,521,459,526,501,506,462,521,459,526,5,-20,15,5,big_increase
고창군,L,92,79,90,95,75,102,92,79,90,95,75,102,7,-23,16,7,big_increase
고창군,M,178,174,215,304,242,235,178,174,215,304,242,235,-69,-61,130,-69,big_increase
고창군,N,154,156,261,254,181,167,154,156,261,254,181,167,-87,-11,98,-87,big_increase
고창군,P,472,499,489,506,429,434,472,499,489,506,429,434,-72,65,7,-72,big_increase
고창군,Q,2131,2251,2801,3127,3256,3362,2131,2251,2801,3127,3256,3362,235,-1111,876,235,small_decrease
고창군,R,502,581,723,480,525,436,502,581,723,480,525,436,-44,145,-101,-44,big_increase
고창군,S,720,669,695,721,566,556,720,669,695,721,566,556,-165,113,52,-165,big_increase
부안군,A,163,186,189,189,258,367,163,186,189,189,258,367,178,-181,3,178,big_increase
부안군,B,69,57,50,48,52,49,69,57,50,48,52,49,1,8,-9,1,big_increase
부안군,C,2400,2609,2637,2252,2422,2399,2400,2609,2637,2252,2422,2399,147,210,-357,147,small_increase
부안군,D,69,79,78,72,87,86,69,79,78,72,87,86,14,-7,-7,14,big_increase
부안군,E,132,137,72,88,91,129,132,137,72,88,91,129,41,8,-49,41,big_increase
부안군,F,1060,1118,1191,888,1026,1104,1060,1118,1191,888,1026,1104,216,14,-230,216,big_increase
부안군,G,1448,1532,1658,1403,1308,1487,1448,1532,1658,1403,1308,1487,84,45,-129,84,big_increase
부안군,H,465,423,455,414,463,479,465,423,455,414,463,479,65,-56,-9,65,big_increase
부안군,I,2031,1970,1937,1282,1268,1629,2031,1970,1937,1282,1268,1629,347,341,-688,347,big_increase
부안군,J,61,54,44,53,55,50,61,54,44,53,55,50,-3,4,-1,-3,big_increase
부안군,K,840,776,833,673,726,669,840,776,833,673,726,669,-4,107,-103,-4,big_increase
부안군,L,124,152,138,110,156,161,124,152,138,110,156,161,51,-9,-42,51,big_increase
부안군,M,175,227,211,181,298,307,175,227,211,181,298,307,126,-80,-46,126,big_increase
부안군,N,183,199,185,209,221,244,183,199,185,209,221,244,35,-45,10,35,big_increase
부안군,P,408,420,427,360,344,397,408,420,427,360,344,397,37,23,-60,37,big_increase
부안군,Q,1888,1931,2142,2262,2340,2447,1888,1931,2142,2262,2340,2447,185,-516,331,185,small_increase
부안군,R,300,297,291,192,214,303,300,297,291,192,214,303,111,-6,-105,111,big_increase
부안군,S,512,542,543,469,641,697,512,542,543,469,641,697,228,-155,-73,228,big_increase
목포시,A,117,112,114,115,70,128,117,112,114,115,70,128,13,-16,3,13,big_increase
목포시,B,41,44,16,18,0,0,41,44,16,18,0,0,-18,44,-26,-18,big_increase
목포시,C,3110,3302,3451,3312,3296,3692,3110,3302,3451,3312,3296,3692,380,-390,10,380,small_increase
목포시,D,153,165,165,189,159,176,153,165,165,189,159,176,-13,-11,24,-13,big_increase
목포시,E,327,337,309,332,408,416,327,337,309,332,408,416,84,-79,-5,84,big_increase
목포시,F,4761,4944,5499,4742,3781,4040,4761,4944,5499,4742,3781,4040,-702,904,-202,-702,small_increase
목포시,G,8925,8559,8668,6962,6688,6796,8925,8559,8668,6962,6688,6796,-166,1763,-1597,-166,big_increase
목포시,H,4172,4152,4207,3376,3376,3013,4172,4152,4207,3376,3376,3013,-363,1139,-776,-363,big_increase
목포시,I,7559,7090,7723,5676,5294,6197,7559,7090,7723,5676,5294,6197,521,893,-1414,521,small_increase
목포시,J,710,777,692,644,700,763,710,777,692,644,700,763,119,14,-133,119,big_increase
목포시,K,3594,3425,3537,3215,3101,3022,3594,3425,3537,3215,3101,3022,-193,403,-210,-193,small_increase
목포시,L,1608,1638,1701,1585,1427,1482,1608,1638,1701,1585,1427,1482,-103,156,-53,-103,big_increase
목포시,M,1629,1689,1705,1641,1773,1895,1629,1689,1705,1641,1773,1895,254,-206,-48,254,small_increase
목포시,N,1988,1888,1941,1351,1451,1535,1988,1888,1941,1351,1451,1535,184,353,-537,184,big_increase
목포시,P,3529,3527,3652,3064,2954,2827,3529,3527,3652,3064,2954,2827,-237,700,-463,-237,big_increase
목포시,Q,11556,11689,12144,11936,13498,14494,11556,11689,12144,11936,13498,14494,2558,-2805,247,2558,small_decrease
목포시,R,1008,942,950,769,673,797,1008,942,950,769,673,797,28,145,-173,28,big_increase
목포시,S,3160,3115,3031,2705,2581,2661,3160,3115,3031,2705,2581,2661,-44,454,-410,-44,big_increase
여수시,A,58,79,89,128,156,173,58,79,89,128,156,173,45,-94,49,45,big_increase
여수시,B,40,39,51,44,15,33,40,39,51,44,15,33,-11,6,5,-11,big_increase
여수시,C,21092,22484,23152,23403,23706,21998,21092,22484,23152,23403,23706,21998,-1405,486,919,-1405,small_increase
여수시,D,948,928,908,913,808,927,948,928,908,913,808,927,14,1,-15,14,big_increase
여수시,E,1242,1319,1564,1661,1552,1542,1242,1319,1564,1661,1552,1542,-119,-223,342,-119,small_increase
여수시,F,15752,17528,19740,23519,19336,20018,15752,17528,19740,23519,19336,20018,-3501,-2490,5991,-3501,small_decrease
여수시,G,10516,10551,11423,9051,9386,10137,10516,10551,11423,9051,9386,10137,1086,414,-1500,1086,small_increase
여수시,H,6458,6560,7088,6038,6675,7032,6458,6560,7088,6038,6675,7032,994,-472,-522,994,small_increase
여수시,I,10290,10970,11401,7992,9016,10185,10290,10970,11401,7992,9016,10185,2193,785,-2978,2193,small_increase
여수시,J,519,526,521,493,489,601,519,526,521,493,489,601,108,-75,-33,108,big_increase
여수시,K,3456,3290,3545,3090,3161,3183,3456,3290,3545,3090,3161,3183,93,107,-200,93,small_increase
여수시,L,1549,1639,1747,1775,2071,1963,1549,1639,1747,1775,2071,1963,188,-324,136,188,small_increase
여수시,M,1909,2177,2457,2540,2744,2886,1909,2177,2457,2540,2744,2886,346,-709,363,346,small_decrease
여수시,N,5723,5579,6677,5897,6666,6705,5723,5579,6677,5897,6666,6705,808,-1126,318,808,small_decrease
여수시,P,2632,2615,2730,2585,2424,2421,2632,2615,2730,2585,2424,2421,-164,194,-30,-164,big_increase
여수시,Q,9273,10090,10989,11421,11583,12605,9273,10090,10989,11421,11583,12605,1184,-2515,1331,1184,small_decrease
여수시,R,1151,1395,1679,1259,1393,1360,1151,1395,1679,1259,1393,1360,101,35,-136,101,big_increase
여수시,S,2985,3821,3955,2918,2601,2770,2985,3821,3955,2918,2601,2770,-148,1051,-903,-148,big_increase
순천시,A,119,125,121,163,226,344,119,125,121,163,226,344,181,-219,38,181,big_increase
순천시,B,28,18,59,33,51,54,28,18,59,33,51,54,21,-36,15,21,big_increase
순천시,C,7045,7336,7717,7225,7315,7177,7045,7336,7717,7225,7315,7177,-48,159,-111,-48,small_increase
순천시,D,212,227,305,278,288,305,212,227,305,278,288,305,27,-78,51,27,big_increase
순천시,E,515,574,586,678,763,619,515,574,586,678,763,619,-59,-45,104,-59,big_increase
순천시,F,9120,10244,11270,9698,10141,10304,9120,10244,11270,9698,10141,10304,606,-60,-546,606,small_increase
순천시,G,11710,11498,11954,9175,9644,9734,11710,11498,11954,9175,9644,9734,559,1764,-2323,559,small_increase
순천시,H,3775,3712,3858,3082,3319,3288,3775,3712,3858,3082,3319,3288,206,424,-630,206,small_increase
순천시,I,8300,8996,9793,6618,7101,7944,8300,8996,9793,6618,7101,7944,1326,1052,-2378,1326,small_increase
순천시,J,569,557,487,604,708,813,569,557,487,604,708,813,209,-256,47,209,big_increase
순천시,K,5036,5045,4894,4538,4138,4186,5036,5045,4894,4538,4138,4186,-352,859,-507,-352,small_increase
순천시,L,1975,2136,2314,2135,2434,2301,1975,2136,2314,2135,2434,2301,166,-165,-1,166,small_increase
순천시,M,2334,2429,2569,2814,3079,3244,2334,2429,2569,2814,3079,3244,430,-815,385,430,small_decrease
순천시,N,3103,3262,3515,3199,3062,2985,3103,3262,3515,3199,3062,2985,-214,277,-63,-214,small_increase
순천시,P,3720,3752,4065,3980,3504,3670,3720,3752,4065,3980,3504,3670,-310,82,228,-310,small_increase
순천시,Q,11275,12251,12855,13388,13493,14625,11275,12251,12855,13388,13493,14625,1237,-2374,1137,1237,small_decrease
순천시,R,1719,1765,1894,1391,1523,1555,1719,1765,1894,1391,1523,1555,164,210,-374,164,big_increase
순천시,S,3361,3431,3757,3076,3325,3324,3361,3431,3757,3076,3325,3324,248,107,-355,248,small_increase
나주시,A,1368,1469,1470,1635,1374,1330,1368,1469,1470,1635,1374,1330,-305,139,166,-305,big_increase
나주시,B,65,71,50,46,55,58,65,71,50,46,55,58,12,13,-25,12,big_increase
나주시,C,6189,6698,7341,6942,6884,7581,6189,6698,7341,6942,6884,7581,639,-883,244,639,small_decrease
나주시,D,2384,2582,2761,3250,2874,2992,2384,2582,2761,3250,2874,2992,-258,-410,668,-258,small_increase
나주시,E,255,283,314,326,432,365,255,283,314,326,432,365,39,-82,43,39,big_increase
나주시,F,6016,5671,5682,4916,5556,6090,6016,5671,5682,4916,5556,6090,1174,-419,-755,1174,small_increase
나주시,G,3219,3780,4119,3405,3640,3976,3219,3780,4119,3405,3640,3976,571,-196,-375,571,small_increase
나주시,H,764,983,1138,864,1005,930,764,983,1138,864,1005,930,66,53,-119,66,big_increase
나주시,I,2878,3261,3292,2452,2615,2923,2878,3261,3292,2452,2615,2923,471,338,-809,471,small_increase
나주시,J,1066,1185,1540,1692,2165,2304,1066,1185,1540,1692,2165,2304,612,-1119,507,612,small_decrease
나주시,K,989,1166,1064,1086,1054,1034,989,1166,1064,1086,1054,1034,-52,132,-80,-52,big_increase
나주시,L,617,597,692,742,768,797,617,597,692,742,768,797,55,-200,145,55,big_increase
나주시,M,1923,2266,2512,2777,3440,3189,1923,2266,2512,2777,3440,3189,412,-923,511,412,small_decrease
나주시,N,728,811,997,1297,1548,1338,728,811,997,1297,1548,1338,41,-527,486,41,small_increase
나주시,P,1687,1748,1833,1799,1753,2069,1687,1748,1833,1799,1753,2069,270,-321,51,270,small_increase
나주시,Q,4331,4727,4822,4607,5352,5733,4331,4727,4822,4607,5352,5733,1126,-1006,-120,1126,small_decrease
나주시,R,693,866,920,733,642,815,693,866,920,733,642,815,82,51,-133,82,big_increase
나주시,S,1200,1468,1397,1317,1206,1354,1200,1468,1397,1317,1206,1354,37,114,-151,37,big_increase
광양시,A,46,58,36,51,85,90,46,58,36,51,85,90,39,-32,-7,39,big_increase
광양시,B,31,33,47,30,29,41,31,33,47,30,29,41,11,-8,-3,11,big_increase
광양시,C,18176,18355,19450,19667,19987,21769,18176,18355,19450,19667,19987,21769,2102,-3414,1312,2102,small_increase
광양시,D,179,177,249,280,254,280,179,177,249,280,254,280,0,-103,103,0,big_increase
광양시,E,937,1050,1074,1190,1347,1321,937,1050,1074,1190,1347,1321,131,-271,140,131,small_increase
광양시,F,6887,7454,7923,8708,9913,9279,6887,7454,7923,8708,9913,9279,571,-1825,1254,571,small_decrease
광양시,G,5447,5725,6215,4813,5406,5542,5447,5725,6215,4813,5406,5542,729,183,-912,729,small_increase
광양시,H,6503,6767,7461,6535,7423,8017,6503,6767,7461,6535,7423,8017,1482,-1250,-232,1482,small_decrease
광양시,I,4307,4754,5481,3585,3791,4397,4307,4754,5481,3585,3791,4397,812,357,-1169,812,small_increase
광양시,J,478,428,587,547,634,650,478,428,587,547,634,650,103,-222,119,103,big_increase
광양시,K,1200,1164,1223,1120,1135,1108,1200,1164,1223,1120,1135,1108,-12,56,-44,-12,big_increase
광양시,L,804,814,908,762,1138,913,804,814,908,762,1138,913,151,-99,-52,151,big_increase
광양시,M,796,846,1089,834,1404,2392,796,846,1089,834,1404,2392,1558,-1546,-12,1558,small_decrease
광양시,N,6545,6486,7202,7126,7294,6550,6545,6486,7202,7126,7294,6550,-576,-64,640,-576,small_increase
광양시,P,1486,1648,1616,1398,1417,1351,1486,1648,1616,1398,1417,1351,-47,297,-250,-47,big_increase
광양시,Q,4181,5230,5687,6120,6273,6619,4181,5230,5687,6120,6273,6619,499,-1389,890,499,small_decrease
광양시,R,543,678,754,500,507,661,543,678,754,500,507,661,161,17,-178,161,big_increase
광양시,S,1529,1538,1727,1550,1467,1576,1529,1538,1727,1550,1467,1576,26,-38,12,26,small_increase
담양군,A,213,208,174,147,217,235,213,208,174,147,217,235,88,-27,-61,88,big_increase
담양군,B,4,4,8,9,0,0,4,4,8,9,0,0,-9,4,5,-9,big_increase
담양군,C,3772,3697,4011,3778,4055,4041,3772,3697,4011,3778,4055,4041,263,-344,81,263,small_increase
담양군,D,40,52,52,56,43,39,40,52,52,56,43,39,-17,13,4,-17,big_increase
담양군,E,116,113,122,105,123,125,116,113,122,105,123,125,20,-12,-8,20,big_increase
담양군,F,2271,2254,2329,1880,2722,2530,2271,2254,2329,1880,2722,2530,650,-276,-374,650,small_increase
담양군,G,1430,1396,1534,1340,1449,1390,1430,1396,1534,1340,1449,1390,50,6,-56,50,big_increase
담양군,H,808,795,714,624,713,615,808,795,714,624,713,615,-9,180,-171,-9,big_increase
담양군,I,1551,1354,1664,1363,1295,1489,1551,1354,1664,1363,1295,1489,126,-135,9,126,big_increase
담양군,J,84,83,104,84,77,89,84,83,104,84,77,89,5,-6,1,5,big_increase
담양군,K,258,228,240,227,238,239,258,228,240,227,238,239,12,-11,-1,12,big_increase
담양군,L,81,82,71,72,129,95,81,82,71,72,129,95,23,-13,-10,23,big_increase
담양군,M,279,328,343,368,507,502,279,328,343,368,507,502,134,-174,40,134,big_increase
담양군,N,229,259,295,285,408,396,229,259,295,285,408,396,111,-137,26,111,big_increase
담양군,P,197,201,269,259,238,272,197,201,269,259,238,272,13,-71,58,13,big_increase
담양군,Q,1866,2019,2107,1974,2214,2413,1866,2019,2107,1974,2214,2413,439,-394,-45,439,small_increase
담양군,R,338,343,376,258,297,313,338,343,376,258,297,313,55,30,-85,55,big_increase
담양군,S,433,388,449,379,385,355,433,388,449,379,385,355,-24,33,-9,-24,big_increase
곡성군,A,155,77,91,109,119,128,155,77,91,109,119,128,19,-51,32,19,big_increase
곡성군,B,12,13,18,16,17,16,12,13,18,16,17,16,0,-3,3,0,big_increase
곡성군,C,2881,2797,3014,2931,2980,3163,2881,2797,3014,2931,2980,3163,232,-366,134,232,small_increase
곡성군,D,33,35,36,37,35,35,33,35,36,37,35,35,-2,0,2,-2,big_increase
곡성군,E,55,47,59,37,49,53,55,47,59,37,49,53,16,-6,-10,16,big_increase
곡성군,F,680,772,771,971,1109,1035,680,772,771,971,1109,1035,64,-263,199,64,small_increase
곡성군,G,461,463,556,478,434,471,461,463,556,478,434,471,-7,-8,15,-7,big_increase
곡성군,H,301,304,510,412,482,539,301,304,510,412,482,539,127,-235,108,127,big_increase
곡성군,I,528,575,639,470,474,435,528,575,639,470,474,435,-35,140,-105,-35,big_increase
곡성군,J,23,29,48,24,28,29,23,29,48,24,28,29,5,0,-5,5,big_increase
곡성군,K,225,262,230,241,263,254,225,262,230,241,263,254,13,8,-21,13,big_increase
곡성군,L,4,10,16,11,10,15,4,10,16,11,10,15,4,-5,1,4,big_increase
곡성군,M,106,145,187,216,184,215,106,145,187,216,184,215,-1,-70,71,-1,big_increase
곡성군,N,114,187,93,87,84,107,114,187,93,87,84,107,20,80,-100,20,big_increase
곡성군,P,303,492,326,333,363,391,303,492,326,333,363,391,58,101,-159,58,big_increase
곡성군,Q,1315,1389,1381,1354,1297,1608,1315,1389,1381,1354,1297,1608,254,-219,-35,254,small_increase
곡성군,R,348,341,391,343,315,355,348,341,391,343,315,355,12,-14,2,12,big_increase
곡성군,S,246,225,225,226,179,251,246,225,225,226,179,251,25,-26,1,25,big_increase
구례군,A,47,52,63,73,85,112,47,52,63,73,85,112,39,-60,21,39,big_increase
구례군,B,0,0,0,0,0,0,0,0,0,0,0,0,0,0,0,0,big_increase
구례군,C,573,573,647,578,621,564,573,573,647,578,621,564,-14,9,5,-14,big_increase
구례군,D,30,31,29,36,33,33,30,31,29,36,33,33,-3,-2,5,-3,big_increase
구례군,E,25,17,24,17,19,29,25,17,24,17,19,29,12,-12,0,12,big_increase
구례군,F,550,613,696,469,720,866,550,613,696,469,720,866,397,-253,-144,397,big_increase
구례군,G,520,563,627,551,539,531,520,563,627,551,539,531,-20,32,-12,-20,big_increase
구례군,H,267,340,383,316,346,373,267,340,383,316,346,373,57,-33,-24,57,big_increase
구례군,I,556,529,591,441,498,607,556,529,591,441,498,607,166,-78,-88,166,big_increase
구례군,J,46,53,53,56,70,83,46,53,53,56,70,83,27,-30,3,27,big_increase
구례군,K,187,193,185,188,190,188,187,193,185,188,190,188,0,5,-5,0,big_increase
구례군,L,43,30,28,26,28,33,43,30,28,26,28,33,7,-3,-4,7,big_increase
구례군,M,139,155,169,28,98,166,139,155,169,28,98,166,138,-11,-127,138,big_increase
구례군,N,101,90,114,122,109,120,101,90,114,122,109,120,-2,-30,32,-2,big_increase
구례군,P,127,113,126,102,118,114,127,113,126,102,118,114,12,-1,-11,12,big_increase
구례군,Q,1085,1145,1317,1251,1308,1306,1085,1145,1317,1251,1308,1306,55,-161,106,55,big_increase
구례군,R,119,153,152,168,157,224,119,153,152,168,157,224,56,-71,15,56,big_increase
구례군,S,308,291,339,337,324,294,308,291,339,337,324,294,-43,-3,46,-43,big_increase
고흥군,A,192,205,236,222,303,332,192,205,236,222,303,332,110,-127,17,110,big_increase
고흥군,B,45,43,51,50,53,50,45,43,51,50,53,50,0,-7,7,0,big_increase
고흥군,C,2359,2777,2675,2454,2569,2775,2359,2777,2675,2454,2569,2775,321,2,-323,321,small_increase
고흥군,D,77,71,76,70,93,83,77,71,76,70,93,83,13,-12,-1,13,big_increase
고흥군,E,22,34,42,50,55,58,22,34,42,50,55,58,8,-24,16,8,big_increase
고흥군,F,1840,1992,2189,2159,2548,2070,1840,1992,2189,2159,2548,2070,-89,-78,167,-89,small_increase
고흥군,G,1405,1597,1664,1405,1410,1482,1405,1597,1664,1405,1410,1482,77,115,-192,77,big_increase
고흥군,H,403,420,458,369,407,367,403,420,458,369,407,367,-2,53,-51,-2,big_increase
고흥군,I,1069,1058,1177,960,951,1016,1069,1058,1177,960,951,1016,56,42,-98,56,big_increase
고흥군,J,55,78,61,48,53,64,55,78,61,48,53,64,16,14,-30,16,big_increase
고흥군,K,701,779,783,732,729,669,701,779,783,732,729,669,-63,110,-47,-63,big_increase
고흥군,L,31,28,37,41,47,47,31,28,37,41,47,47,6,-19,13,6,big_increase
고흥군,M,130,206,212,221,272,323,130,206,212,221,272,323,102,-117,15,102,big_increase
고흥군,N,113,103,178,113,130,141,113,103,178,113,130,141,28,-38,10,28,big_increase
고흥군,P,223,205,253,210,203,192,223,205,253,210,203,192,-18,13,5,-18,big_increase
고흥군,Q,2123,2286,2339,2654,2676,2656,2123,2286,2339,2654,2676,2656,2,-370,368,2,small_increase
고흥군,R,88,149,184,149,103,132,88,149,184,149,103,132,-17,17,0,-17,big_increase
고흥군,S,548,585,593,536,580,542,548,585,593,536,580,542,6,43,-49,6,big_increase
보성군,A,223,221,178,276,336,301,223,221,178,276,336,301,25,-80,55,25,big_increase
보성군,B,4,0,0,1,1,3,4,0,0,1,1,3,2,-3,1,2,big_increase
보성군,C,763,810,985,811,833,916,763,810,985,811,833,916,105,-106,1,105,big_increase
보성군,D,61,67,62,54,64,61,61,67,62,54,64,61,7,6,-13,7,big_increase
보성군,E,96,101,99,104,110,96,96,101,99,104,110,96,-8,5,3,-8,big_increase
보성군,F,1537,1447,1883,1270,1207,1227,1537,1447,1883,1270,1207,1227,-43,220,-177,-43,big_increase
보성군,G,842,833,1211,832,836,851,842,833,1211,832,836,851,19,-18,-1,19,big_increase
보성군,H,309,292,389,389,423,356,309,292,389,389,423,356,-33,-64,97,-33,big_increase
보성군,I,767,843,978,555,659,654,767,843,978,555,659,654,99,189,-288,99,big_increase
보성군,J,59,53,54,46,60,54,59,53,54,46,60,54,8,-1,-7,8,big_increase
보성군,K,301,304,279,276,296,319,301,304,279,276,296,319,43,-15,-28,43,big_increase
보성군,L,28,19,18,17,69,31,28,19,18,17,69,31,14,-12,-2,14,big_increase
보성군,M,158,163,101,110,118,115,158,163,101,110,118,115,5,48,-53,5,big_increase
보성군,N,67,81,151,132,242,92,67,81,151,132,242,92,-40,-11,51,-40,big_increase
보성군,P,274,260,282,286,296,303,274,260,282,286,296,303,17,-43,26,17,big_increase
보성군,Q,1598,1690,2287,2271,2446,2579,1598,1690,2287,2271,2446,2579,308,-889,581,308,small_decrease
보성군,R,172,174,184,136,140,142,172,174,184,136,140,142,6,32,-38,6,big_increase
보성군,S,331,339,396,308,290,321,331,339,396,308,290,321,13,18,-31,13,big_increase
화순군,A,198,204,205,236,301,345,198,204,205,236,301,345,109,-141,32,109,big_increase
화순군,B,269,209,221,197,187,243,269,209,221,197,187,243,46,-34,-12,46,big_increase
화순군,C,3147,3129,3129,2891,3203,3118,3147,3129,3129,2891,3203,3118,227,11,-238,227,small_increase
화순군,D,51,73,68,59,58,63,51,73,68,59,58,63,4,10,-14,4,big_increase
화순군,E,63,97,99,107,114,95,63,97,99,107,114,95,-12,2,10,-12,big_increase
화순군,F,2900,2762,2993,2342,3748,3234,2900,2762,2993,2342,3748,3234,892,-472,-420,892,small_increase
화순군,G,1628,1878,2157,1870,1820,1972,1628,1878,2157,1870,1820,1972,102,-94,-8,102,small_increase
화순군,H,243,275,458,354,652,553,243,275,458,354,652,553,199,-278,79,199,big_increase
화순군,I,1495,1619,1774,1357,1298,1473,1495,1619,1774,1357,1298,1473,116,146,-262,116,big_increase
화순군,J,71,74,66,58,58,67,71,74,66,58,58,67,9,7,-16,9,big_increase
화순군,K,342,325,350,348,375,374,342,325,350,348,375,374,26,-49,23,26,big_increase
화순군,L,324,293,299,290,262,307,324,293,299,290,262,307,17,-14,-3,17,big_increase
화순군,M,1021,1038,1139,1043,1219,1157,1021,1038,1139,1043,1219,1157,114,-119,5,114,big_increase
화순군,N,325,304,330,274,388,374,325,304,330,274,388,374,100,-70,-30,100,big_increase
화순군,P,414,496,497,349,356,424,414,496,497,349,356,424,75,72,-147,75,big_increase
화순군,Q,4052,4245,4563,4788,5090,5378,4052,4245,4563,4788,5090,5378,590,-1133,543,590,small_decrease
화순군,R,571,501,694,490,703,774,571,501,694,490,703,774,284,-273,-11,284,big_increase
화순군,S,560,497,564,445,501,565,560,497,564,445,501,565,120,-68,-52,120,big_increase
장흥군,A,438,450,543,399,340,330,438,450,543,399,340,330,-69,120,-51,-69,big_increase
장흥군,B,19,16,19,21,26,25,19,16,19,21,26,25,4,-9,5,4,big_increase
장흥군,C,1710,1796,1771,1583,1507,1509,1710,1796,1771,1583,1507,1509,-74,287,-213,-74,big_increase
장흥군,D,41,46,62,49,44,45,41,46,62,49,44,45,-4,1,3,-4,big_increase
장흥군,E,168,157,138,203,222,227,168,157,138,203,222,227,24,-70,46,24,big_increase
장흥군,F,986,1194,1312,3193,1355,1547,986,1194,1312,3193,1355,1547,-1646,-353,1999,-1646,small_increase
장흥군,G,1209,1251,1380,1011,900,1029,1209,1251,1380,1011,900,1029,18,222,-240,18,big_increase
장흥군,H,267,270,315,276,240,249,267,270,315,276,240,249,-27,21,6,-27,big_increase
장흥군,I,785,797,800,660,544,528,785,797,800,660,544,528,-132,269,-137,-132,big_increase
장흥군,J,34,45,39,12,16,19,34,45,39,12,16,19,7,26,-33,7,big_increase
장흥군,K,424,441,344,334,312,398,424,441,344,334,312,398,64,43,-107,64,big_increase
장흥군,L,66,57,79,58,73,88,66,57,79,58,73,88,30,-31,1,30,big_increase
장흥군,M,205,279,261,245,266,279,205,279,261,245,266,279,34,0,-34,34,big_increase
장흥군,N,68,82,98,51,57,53,68,82,98,51,57,53,2,29,-31,2,big_increase
장흥군,P,138,131,125,107,94,96,138,131,125,107,94,96,-11,35,-24,-11,big_increase
장흥군,Q,1392,1492,1748,1878,1982,1697,1392,1492,1748,1878,1982,1697,-181,-205,386,-181,small_increase
장흥군,R,113,184,179,186,165,171,113,184,179,186,165,171,-15,13,2,-15,big_increase
장흥군,S,503,508,631,560,460,421,503,508,631,560,460,421,-139,87,52,-139,big_increase
강진군,A,199,211,217,260,267,215,199,211,217,260,267,215,-45,-4,49,-45,big_increase
강진군,B,11,1,1,17,15,30,11,1,1,17,15,30,13,-29,16,13,big_increase
강진군,C,1155,1161,1235,933,925,1058,1155,1161,1235,933,925,1058,125,103,-228,125,big_increase
강진군,D,110,90,136,137,112,118,110,90,136,137,112,118,-19,-28,47,-19,big_increase
강진군,E,28,34,44,97,59,51,28,34,44,97,59,51,-46,-17,63,-46,big_increase
강진군,F,938,897,1000,693,922,847,938,897,1000,693,922,847,154,50,-204,154,big_increase
강진군,G,1059,1012,1200,794,708,740,1059,1012,1200,794,708,740,-54,272,-218,-54,big_increase
강진군,H,243,196,198,156,145,126,243,196,198,156,145,126,-30,70,-40,-30,big_increase
강진군,I,697,723,842,504,568,579,697,723,842,504,568,579,75,144,-219,75,big_increase
강진군,J,69,43,62,43,34,66,69,43,62,43,34,66,23,-23,0,23,big_increase
강진군,K,430,387,379,380,376,451,430,387,379,380,376,451,71,-64,-7,71,big_increase
강진군,L,31,37,26,32,36,35,31,37,26,32,36,35,3,2,-5,3,big_increase
강진군,M,196,238,252,247,225,211,196,238,252,247,225,211,-36,27,9,-36,big_increase
강진군,N,92,101,85,81,107,109,92,101,85,81,107,109,28,-8,-20,28,big_increase
강진군,P,163,178,209,261,273,268,163,178,209,261,273,268,7,-90,83,7,big_increase
강진군,Q,1254,1272,1480,1710,1661,1715,1254,1272,1480,1710,1661,1715,5,-443,438,5,small_increase
강진군,R,200,172,217,258,232,224,200,172,217,258,232,224,-34,-52,86,-34,big_increase
강진군,S,571,510,514,371,324,322,571,510,514,371,324,322,-49,188,-139,-49,big_increase
해남군,A,429,318,363,413,514,646,429,318,363,413,514,646,233,-328,95,233,big_increase
해남군,B,137,143,145,140,73,122,137,143,145,140,73,122,-18,21,-3,-18,big_increase
해남군,C,3779,4277,4171,3699,2978,3567,3779,4277,4171,3699,2978,3567,-132,710,-578,-132,big_increase
해남군,D,61,67,80,76,79,71,61,67,80,76,79,71,-5,-4,9,-5,big_increase
해남군,E,85,83,69,67,99,102,85,83,69,67,99,102,35,-19,-16,35,big_increase
해남군,F,1731,1784,1908,1767,1794,1659,1731,1784,1908,1767,1794,1659,-108,125,-17,-108,big_increase
해남군,G,1911,2008,2183,1952,1694,2009,1911,2008,2183,1952,1694,2009,57,-1,-56,57,small_increase
해남군,H,498,430,427,332,356,329,498,430,427,332,356,329,-3,101,-98,-3,big_increase
해남군,I,1443,1465,1461,1033,998,1237,1443,1465,1461,1033,998,1237,204,228,-432,204,big_increase
해남군,J,87,126,90,86,86,96,87,126,90,86,86,96,10,30,-40,10,big_increase
해남군,K,844,835,851,841,874,801,844,835,851,841,874,801,-40,34,6,-40,big_increase
해남군,L,77,76,131,125,166,157,77,76,131,125,166,157,32,-81,49,32,big_increase
해남군,M,240,247,256,236,345,362,240,247,256,236,345,362,126,-115,-11,126,big_increase
해남군,N,97,94,208,150,191,172,97,94,208,150,191,172,22,-78,56,22,big_increase
해남군,P,281,317,314,287,274,248,281,317,314,287,274,248,-39,69,-30,-39,big_increase
해남군,Q,2629,2690,3013,3110,3574,3575,2629,2690,3013,3110,3574,3575,465,-885,420,465,small_decrease
해남군,R,281,294,246,227,205,323,281,294,246,227,205,323,96,-29,-67,96,big_increase
해남군,S,683,695,714,771,678,738,683,695,714,771,678,738,-33,-43,76,-33,big_increase
영암군,A,229,264,273,277,425,358,229,264,273,277,425,358,81,-94,13,81,big_increase
영암군,B,45,42,51,30,23,25,45,42,51,30,23,25,-5,17,-12,-5,big_increase
영암군,C,15527,15109,15187,14541,14562,16949,15527,15109,15187,14541,14562,16949,2408,-1840,-568,2408,small_decrease
영암군,D,83,101,96,77,86,66,83,101,96,77,86,66,-11,35,-24,-11,big_increase
영암군,E,106,104,122,122,161,155,106,104,122,122,161,155,33,-51,18,33,big_increase
영암군,F,3357,3165,3399,3481,4302,4397,3357,3165,3399,3481,4302,4397,916,-1232,316,916,small_decrease
영암군,G,1684,1785,2062,1708,1876,1805,1684,1785,2062,1708,1876,1805,97,-20,-77,97,small_increase
영암군,H,1136,791,789,715,748,707,1136,791,789,715,748,707,-8,84,-76,-8,big_increase
영암군,I,1200,1326,1487,1006,1267,1205,1200,1326,1487,1006,1267,1205,199,121,-320,199,big_increase
영암군,J,69,77,117,93,130,148,69,77,117,93,130,148,55,-71,16,55,big_increase
영암군,K,421,410,439,411,412,435,421,410,439,411,412,435,24,-25,1,24,big_increase
영암군,L,70,139,155,159,166,152,70,139,155,159,166,152,-7,-13,20,-7,big_increase
영암군,M,323,355,454,460,638,685,323,355,454,460,638,685,225,-330,105,225,big_increase
영암군,N,360,327,411,385,542,585,360,327,411,385,542,585,200,-258,58,200,big_increase
영암군,P,628,647,708,696,716,747,628,647,708,696,716,747,51,-100,49,51,big_increase
영암군,Q,1864,1845,2079,2211,2239,2324,1864,1845,2079,2211,2239,2324,113,-479,366,113,small_increase
영암군,R,289,322,344,400,474,419,289,322,344,400,474,419,19,-97,78,19,big_increase
영암군,S,361,383,451,400,473,412,361,383,451,400,473,412,12,-29,17,12,big_increase
무안군,A,184,180,173,160,306,366,184,180,173,160,306,366,206,-186,-20,206,big_increase
무안군,B,9,12,5,3,13,17,9,12,5,3,13,17,14,-5,-9,14,big_increase
무안군,C,2189,2355,2516,2325,2511,2412,2189,2355,2516,2325,2511,2412,87,-57,-30,87,small_increase
무안군,D,88,80,109,108,95,58,88,80,109,108,95,58,-50,22,28,-50,big_increase
무안군,E,211,208,207,218,260,228,211,208,207,218,260,228,10,-20,10,10,big_increase
무안군,F,1027,1104,1344,1292,1986,1809,1027,1104,1344,1292,1986,1809,517,-705,188,517,small_decrease
무안군,G,2450,2567,2755,2261,2475,2652,2450,2567,2755,2261,2475,2652,391,-85,-306,391,small_increase
무안군,H,479,565,507,544,583,596,479,565,507,544,583,596,52,-31,-21,52,big_increase
무안군,I,2012,2081,2241,1654,1747,2057,2012,2081,2241,1654,1747,2057,403,24,-427,403,small_increase
무안군,J,54,62,74,72,75,88,54,62,74,72,75,88,16,-26,10,16,big_increase
무안군,K,893,902,975,975,1156,1078,893,902,975,975,1156,1078,103,-176,73,103,big_increase
무안군,L,547,462,470,500,613,688,547,462,470,500,613,688,188,-226,38,188,big_increase
무안군,M,409,459,580,586,766,840,409,459,580,586,766,840,254,-381,127,254,small_increase
무안군,N,142,492,652,1025,609,598,142,492,652,1025,609,598,-427,-106,533,-427,big_increase
무안군,P,1055,1292,1392,1174,1353,1423,1055,1292,1392,1174,1353,1423,249,-131,-118,249,big_increase
무안군,Q,2745,2930,3277,3431,3474,3862,2745,2930,3277,3431,3474,3862,431,-932,501,431,small_decrease
무안군,R,771,756,865,696,695,745,771,756,865,696,695,745,49,11,-60,49,big_increase
무안군,S,763,773,725,666,736,796,763,773,725,666,736,796,130,-23,-107,130,big_increase
함평군,A,348,348,444,373,270,251,348,348,444,373,270,251,-122,97,25,-122,big_increase
함평군,B,21,20,19,21,29,23,21,20,19,21,29,23,2,-3,1,2,big_increase
함평군,C,1718,1790,1774,1702,1988,2280,1718,1790,1774,1702,1988,2280,578,-490,-88,578,small_increase
함평군,D,32,38,39,43,38,40,32,38,39,43,38,40,-3,-2,5,-3,big_increase
함평군,E,83,84,82,87,91,92,83,84,82,87,91,92,5,-8,3,5,big_increase
함평군,F,920,912,1021,884,965,1031,920,912,1021,884,965,1031,147,-119,-28,147,big_increase
함평군,G,724,819,985,768,834,825,724,819,985,768,834,825,57,-6,-51,57,big_increase
함평군,H,366,388,396,372,315,316,366,388,396,372,315,316,-56,72,-16,-56,big_increase
함평군,I,367,378,557,404,483,568,367,378,557,404,483,568,164,-190,26,164,big_increase
함평군,J,25,25,27,24,22,35,25,25,27,24,22,35,11,-10,-1,11,big_increase
함평군,K,226,230,200,205,191,208,226,230,200,205,191,208,3,22,-25,3,big_increase
함평군,L,23,28,22,35,30,26,23,28,22,35,30,26,-9,2,7,-9,big_increase
함평군,M,126,109,111,102,139,153,126,109,111,102,139,153,51,-44,-7,51,big_increase
함평군,N,176,141,162,101,177,141,176,141,162,101,177,141,40,0,-40,40,big_increase
함평군,P,176,158,213,214,181,202,176,158,213,214,181,202,-12,-44,56,-12,big_increase
함평군,Q,1171,1183,1281,1357,1468,1669,1171,1183,1281,1357,1468,1669,312,-486,174,312,small_increase
함평군,R,269,272,314,265,252,308,269,272,314,265,252,308,43,-36,-7,43,big_increase
함평군,S,267,308,303,348,252,281,267,308,303,348,252,281,-67,27,40,-67,big_increase
영광군,A,293,288,296,320,281,324,293,288,296,320,281,324,4,-36,32,4,big_increase
영광군,B,65,83,56,76,34,39,65,83,56,76,34,39,-37,44,-7,-37,big_increase
영광군,C,1613,1699,2588,2820,3055,2594,1613,1699,2588,2820,3055,2594,-226,-895,1121,-226,small_decrease
영광군,D,1670,1672,1743,1757,1859,1839,1670,1672,1743,1757,1859,1839,82,-167,85,82,small_increase
영광군,E,31,30,32,21,31,35,31,30,32,21,31,35,14,-5,-9,14,big_increase
영광군,F,1473,1492,1523,1538,1643,1465,1473,1492,1523,1538,1643,1465,-73,27,46,-73,big_increase
영광군,G,1217,1391,1669,1297,1381,1315,1217,1391,1669,1297,1381,1315,18,76,-94,18,big_increase
영광군,H,302,320,312,219,233,228,302,320,312,219,233,228,9,92,-101,9,big_increase
영광군,I,952,990,1129,940,945,941,952,990,1129,940,945,941,1,49,-50,1,big_increase
영광군,J,70,63,69,56,65,62,70,63,69,56,65,62,6,1,-7,6,big_increase
영광군,K,498,509,483,421,441,413,498,509,483,421,441,413,-8,96,-88,-8,big_increase
영광군,L,73,60,80,122,100,100,73,60,80,122,100,100,-22,-40,62,-22,big_increase
영광군,M,439,457,402,353,475,506,439,457,402,353,475,506,153,-49,-104,153,big_increase
영광군,N,1195,1112,1012,809,750,735,1195,1112,1012,809,750,735,-74,377,-303,-74,big_increase
영광군,P,399,403,414,361,356,311,399,403,414,361,356,311,-50,92,-42,-50,big_increase
영광군,Q,1865,2077,2184,2197,2248,2349,1865,2077,2184,2197,2248,2349,152,-272,120,152,small_increase
영광군,R,183,228,223,174,211,188,183,228,223,174,211,188,14,40,-54,14,big_increase
영광군,S,410,390,392,390,386,321,410,390,392,390,386,321,-69,69,0,-69,big_increase
장성군,A,122,171,169,192,244,237,122,171,169,192,244,237,45,-66,21,45,big_increase
장성군,B,30,4,30,31,26,27,30,4,30,31,26,27,-4,-23,27,-4,big_increase
장성군,C,5354,5763,5737,5390,6088,6243,5354,5763,5737,5390,6088,6243,853,-480,-373,853,small_increase
장성군,D,34,50,43,10,41,41,34,50,43,10,41,41,31,9,-40,31,big_increase
장성군,E,89,149,118,132,162,167,89,149,118,132,162,167,35,-18,-17,35,big_increase
장성군,F,1635,1476,1992,2200,3829,3242,1635,1476,1992,2200,3829,3242,1042,-1766,724,1042,small_decrease
장성군,G,1157,1397,1406,1397,1646,1733,1157,1397,1406,1397,1646,1733,336,-336,0,336,small_increase
장성군,H,635,514,630,598,908,885,635,514,630,598,908,885,287,-371,84,287,small_increase
장성군,I,676,732,892,666,618,759,676,732,892,666,618,759,93,-27,-66,93,big_increase
장성군,J,64,83,74,62,86,63,64,83,74,62,86,63,1,20,-21,1,big_increase
장성군,K,265,251,246,306,347,333,265,251,246,306,347,333,27,-82,55,27,big_increase
장성군,L,61,53,79,48,77,97,61,53,79,48,77,97,49,-44,-5,49,big_increase
장성군,M,233,238,263,250,407,334,233,238,263,250,407,334,84,-96,12,84,big_increase
장성군,N,294,475,295,222,381,271,294,475,295,222,381,271,49,204,-253,49,big_increase
장성군,P,223,188,187,175,178,185,223,188,187,175,178,185,10,3,-13,10,big_increase
장성군,Q,1342,1433,1626,1825,1685,1314,1342,1433,1626,1825,1685,1314,-511,119,392,-511,small_increase
장성군,R,339,383,448,336,319,231,339,383,448,336,319,231,-105,152,-47,-105,big_increase
장성군,S,513,535,532,557,514,576,513,535,532,557,514,576,19,-41,22,19,big_increase
완도군,A,118,131,155,156,247,305,118,131,155,156,247,305,149,-174,25,149,big_increase
완도군,B,84,79,120,100,120,96,84,79,120,100,120,96,-4,-17,21,-4,big_increase
완도군,C,1481,1612,1567,1418,1388,1351,1481,1612,1567,1418,1388,1351,-67,261,-194,-67,big_increase
완도군,D,80,81,87,82,66,63,80,81,87,82,66,63,-19,18,1,-19,big_increase
완도군,E,97,106,135,122,127,140,97,106,135,122,127,140,18,-34,16,18,big_increase
완도군,F,1151,1217,1364,1027,1385,1285,1151,1217,1364,1027,1385,1285,258,-68,-190,258,big_increase
완도군,G,1701,1628,1956,1471,1601,1732,1701,1628,1956,1471,1601,1732,261,-104,-157,261,small_increase
완도군,H,493,524,571,509,537,469,493,524,571,509,537,469,-40,55,-15,-40,big_increase
완도군,I,979,900,1128,724,737,764,979,900,1128,724,737,764,40,136,-176,40,big_increase
완도군,J,53,58,61,58,57,42,53,58,61,58,57,42,-16,16,0,-16,big_increase
완도군,K,535,576,514,648,735,728,535,576,514,648,735,728,80,-152,72,80,big_increase
완도군,L,32,42,39,41,48,49,32,42,39,41,48,49,8,-7,-1,8,big_increase
완도군,M,133,150,177,129,188,170,133,150,177,129,188,170,41,-20,-21,41,big_increase
완도군,N,102,99,136,124,116,85,102,99,136,124,116,85,-39,14,25,-39,big_increase
완도군,P,132,142,137,131,134,89,132,142,137,131,134,89,-42,53,-11,-42,big_increase
완도군,Q,1369,1158,1191,1153,1295,1387,1369,1158,1191,1153,1295,1387,234,-229,-5,234,small_increase
완도군,R,122,138,166,131,151,193,122,138,166,131,151,193,62,-55,-7,62,big_increase
완도군,S,372,366,419,383,336,377,372,366,419,383,336,377,-6,-11,17,-6,big_increase
진도군,A,229,189,187,159,142,154,229,189,187,159,142,154,-5,35,-30,-5,big_increase
진도군,B,18,18,16,39,40,38,18,18,16,39,40,38,-1,-20,21,-1,big_increase
진도군,C,616,602,570,524,488,406,616,602,570,524,488,406,-118,196,-78,-118,big_increase
진도군,D,111,115,140,138,148,121,111,115,140,138,148,121,-17,-6,23,-17,big_increase
진도군,E,66,70,72,83,74,73,66,70,72,83,74,73,-10,-3,13,-10,big_increase
진도군,F,821,856,749,730,883,794,821,856,749,730,883,794,64,62,-126,64,big_increase
진도군,G,1013,1077,1144,1015,783,835,1013,1077,1144,1015,783,835,-180,242,-62,-180,big_increase
진도군,H,155,160,140,140,134,152,155,160,140,140,134,152,12,8,-20,12,big_increase
진도군,I,598,607,821,589,599,657,598,607,821,589,599,657,68,-50,-18,68,big_increase
진도군,J,27,47,42,51,38,35,27,47,42,51,38,35,-16,12,4,-16,big_increase
진도군,K,299,320,309,295,303,300,299,320,309,295,303,300,5,20,-25,5,big_increase
진도군,L,5,14,17,13,30,28,5,14,17,13,30,28,15,-14,-1,15,big_increase
진도군,M,80,76,61,94,73,94,80,76,61,94,73,94,0,-18,18,0,big_increase
진도군,N,29,50,76,36,46,65,29,50,76,36,46,65,29,-15,-14,29,big_increase
진도군,P,201,216,203,181,184,200,201,216,203,181,184,200,19,16,-35,19,big_increase
진도군,Q,743,730,767,1083,828,922,743,730,767,1083,828,922,-161,-192,353,-161,small_increase
진도군,R,117,131,167,110,144,114,117,131,167,110,144,114,4,17,-21,4,big_increase
진도군,S,284,311,335,287,278,277,284,311,335,287,278,277,-10,34,-24,-10,big_increase
신안군,A,43,35,46,52,181,182,43,35,46,52,181,182,130,-147,17,130,big_increase
신안군,B,410,275,241,250,377,202,410,275,241,250,377,202,-48,73,-25,-48,big_increase
신안군,C,793,746,711,696,647,734,793,746,711,696,647,734,38,12,-50,38,big_increase
신안군,D,162,144,172,145,167,143,162,144,172,145,167,143,-2,1,1,-2,big_increase
신안군,E,18,17,24,14,16,15,18,17,24,14,16,15,1,2,-3,1,big_increase
신안군,F,669,890,620,674,1677,1418,669,890,620,674,1677,1418,744,-528,-216,744,small_increase
신안군,G,425,506,575,565,812,724,425,506,575,565,812,724,159,-218,59,159,big_increase
신안군,H,235,198,252,291,352,408,235,198,252,291,352,408,117,-210,93,117,big_increase
신안군,I,404,442,582,539,501,591,404,442,582,539,501,591,52,-149,97,52,big_increase
신안군,J,73,68,58,67,64,79,73,68,58,67,64,79,12,-11,-1,12,big_increase
신안군,K,263,256,240,234,224,248,263,256,240,234,224,248,14,8,-22,14,big_increase
신안군,L,5,4,10,6,12,29,5,4,10,6,12,29,23,-25,2,23,big_increase
신안군,M,41,104,124,120,226,251,41,104,124,120,226,251,131,-147,16,131,big_increase
신안군,N,63,44,62,55,127,74,63,44,62,55,127,74,19,-30,11,19,big_increase
신안군,P,25,36,31,31,42,22,25,36,31,31,42,22,-9,14,-5,-9,big_increase
신안군,Q,645,768,821,877,1031,1103,645,768,821,877,1031,1103,226,-335,109,226,small_increase
신안군,R,70,74,103,86,104,126,70,74,103,86,104,126,40,-52,12,40,big_increase
신안군,S,212,231,240,207,313,312,212,231,240,207,313,312,105,-81,-24,105,big_increase
포항시,A,132,223,205,204,236,237,132,223,205,204,236,237,33,-14,-19,33,big_increase
포항시,B,76,64,60,37,44,39,76,64,60,37,44,39,2,25,-27,2,big_increase
포항시,C,38132,39196,39789,38987,40537,41119,38132,39196,39789,38987,40537,41119,2132,-1923,-209,2132,small_increase
포항시,D,317,320,333,339,321,357,317,320,333,339,321,357,18,-37,19,18,big_increase
포항시,E,1304,1525,1563,1753,2270,1949,1304,1525,1563,1753,2270,1949,196,-424,228,196,small_increase
포항시,F,16083,17708,17895,14801,16338,17373,16083,17708,17895,14801,16338,17373,2572,335,-2907,2572,small_increase
포항시,G,17033,17280,18531,14137,15786,15592,17033,17280,18531,14137,15786,15592,1455,1688,-3143,1455,small_increase
포항시,H,7719,7510,8280,6954,9191,7833,7719,7510,8280,6954,9191,7833,879,-323,-556,879,small_increase
포항시,I,14686,15205,16598,10860,12190,13426,14686,15205,16598,10860,12190,13426,2566,1779,-4345,2566,small_increase
포항시,J,1745,1848,1870,1716,1867,1953,1745,1848,1870,1716,1867,1953,237,-105,-132,237,small_increase
포항시,K,5797,5794,5733,5373,5504,5312,5797,5794,5733,5373,5504,5312,-61,482,-421,-61,small_increase
포항시,L,2361,2412,2493,2071,2572,2864,2361,2412,2493,2071,2572,2864,793,-452,-341,793,small_increase
포항시,M,6240,8991,8881,7713,8931,8165,6240,8991,8881,7713,8931,8165,452,826,-1278,452,small_increase
포항시,N,9725,10092,10873,9094,10344,11237,9725,10092,10873,9094,10344,11237,2143,-1145,-998,2143,small_decrease
포항시,P,9219,9213,9897,8815,9110,8936,9219,9213,9897,8815,9110,8936,121,277,-398,121,small_increase
포항시,Q,17893,18782,19638,20983,22685,24023,17893,18782,19638,20983,22685,24023,3040,-5241,2201,3040,small_increase
포항시,R,1746,2290,2311,1516,1537,1754,1746,2290,2311,1516,1537,1754,238,536,-774,238,big_increase
포항시,S,5993,6154,6293,4954,5252,5369,5993,6154,6293,4954,5252,5369,415,785,-1200,415,small_increase
경주시,A,309,356,403,264,372,366,309,356,403,264,372,366,102,-10,-92,102,big_increase
경주시,B,55,53,38,44,66,54,55,53,38,44,66,54,10,-1,-9,10,big_increase
경주시,C,41318,41069,40662,37385,36689,39738,41318,41069,40662,37385,36689,39738,2353,1331,-3684,2353,small_increase
경주시,D,3295,3352,1975,1919,1873,1897,3295,3352,1975,1919,1873,1897,-22,1455,-1433,-22,big_increase
경주시,E,1081,1235,1172,1134,1303,1453,1081,1235,1172,1134,1303,1453,319,-218,-101,319,small_increase
경주시,F,5709,5631,5443,4621,5343,5137,5709,5631,5443,4621,5343,5137,516,494,-1010,516,small_increase
경주시,G,8102,7835,8337,6910,6964,7138,8102,7835,8337,6910,6964,7138,228,697,-925,228,small_increase
경주시,H,2710,2860,2886,2665,2526,2376,2710,2860,2886,2665,2526,2376,-289,484,-195,-289,big_increase
경주시,I,9789,10360,10765,7536,7762,9950,9789,10360,10765,7536,7762,9950,2414,410,-2824,2414,small_increase
경주시,J,362,436,459,412,510,571,362,436,459,412,510,571,159,-135,-24,159,big_increase
경주시,K,2354,2523,2401,1880,2131,2208,2354,2523,2401,1880,2131,2208,328,315,-643,328,big_increase
경주시,L,1006,1013,1009,838,939,990,1006,1013,1009,838,939,990,152,23,-175,152,big_increase
경주시,M,1796,1815,3328,3562,3812,4068,1796,1815,3328,3562,3812,4068,506,-2253,1747,506,small_decrease
경주시,N,3040,2961,3813,3243,3249,3244,3040,2961,3813,3243,3249,3244,1,-283,282,1,small_increase
경주시,P,4347,4332,4202,4005,3965,3677,4347,4332,4202,4005,3965,3677,-328,655,-327,-328,small_increase
경주시,Q,8643,8849,9642,9915,10977,11573,8643,8849,9642,9915,10977,11573,1658,-2724,1066,1658,small_decrease
경주시,R,2092,2305,2552,1831,1883,2040,2092,2305,2552,1831,1883,2040,209,265,-474,209,big_increase
경주시,S,2782,2796,2903,2347,2190,2391,2782,2796,2903,2347,2190,2391,44,405,-449,44,big_increase
김천시,A,267,265,265,339,341,386,267,265,265,339,341,386,47,-121,74,47,big_increase
김천시,B,77,97,72,104,103,147,77,97,72,104,103,147,43,-50,7,43,big_increase
김천시,C,12436,12912,13453,12986,12834,14039,12436,12912,13453,12986,12834,14039,1053,-1127,74,1053,small_decrease
김천시,D,101,111,108,122,111,111,101,111,108,122,111,111,-11,0,11,-11,big_increase
김천시,E,347,410,432,432,472,558,347,410,432,432,472,558,126,-148,22,126,big_increase
김천시,F,3230,3174,3434,3095,3119,4029,3230,3174,3434,3095,3119,4029,934,-855,-79,934,small_decrease
김천시,G,3882,3867,4314,3344,3406,4277,3882,3867,4314,3344,3406,4277,933,-410,-523,933,small_increase
김천시,H,2694,2843,2775,2569,2579,2732,2694,2843,2775,2569,2579,2732,163,111,-274,163,small_increase
김천시,I,3363,3482,3641,2304,2705,3379,3363,3482,3641,2304,2705,3379,1075,103,-1178,1075,small_increase
김천시,J,149,160,268,217,259,414,149,160,268,217,259,414,197,-254,57,197,big_increase
김천시,K,1230,1256,1145,1123,1152,1158,1230,1256,1145,1123,1152,1158,35,98,-133,35,big_increase
김천시,L,635,708,697,719,636,701,635,708,697,719,636,701,-18,7,11,-18,big_increase
김천시,M,3504,3592,3846,3541,3637,3527,3504,3592,3846,3541,3637,3527,-14,65,-51,-14,small_increase
김천시,N,1209,1259,1666,1290,1302,1354,1209,1259,1666,1290,1302,1354,64,-95,31,64,big_increase
김천시,P,1817,1915,2036,1798,1761,1965,1817,1915,2036,1798,1761,1965,167,-50,-117,167,small_increase
김천시,Q,5331,6210,7271,6276,6181,6889,5331,6210,7271,6276,6181,6889,613,-679,66,613,small_decrease
김천시,R,307,373,426,277,307,387,307,373,426,277,307,387,110,-14,-96,110,big_increase
김천시,S,1117,1213,1216,1031,989,1209,1117,1213,1216,1031,989,1209,178,4,-182,178,big_increase
안동시,A,238,225,235,251,306,303,238,225,235,251,306,303,52,-78,26,52,big_increase
안동시,B,111,114,133,94,73,99,111,114,133,94,73,99,5,15,-20,5,big_increase
안동시,C,3586,3762,4080,4051,4139,4224,3586,3762,4080,4051,4139,4224,173,-462,289,173,small_increase
안동시,D,352,358,555,457,550,555,352,358,555,457,550,555,98,-197,99,98,big_increase
안동시,E,270,276,293,278,319,322,270,276,293,278,319,322,44,-46,2,44,big_increase
안동시,F,4465,4361,4586,3417,3534,3598,4465,4361,4586,3417,3534,3598,181,763,-944,181,big_increase
안동시,G,6023,6152,6540,5112,5078,5542,6023,6152,6540,5112,5078,5542,430,610,-1040,430,small_increase
안동시,H,1189,1283,1432,1612,1691,1229,1189,1283,1432,1612,1691,1229,-383,54,329,-383,small_increase
안동시,I,3723,4451,4555,2990,3229,3540,3723,4451,4555,2990,3229,3540,550,911,-1461,550,big_increase
안동시,J,749,686,562,573,638,704,749,686,562,573,638,704,131,-18,-113,131,big_increase
안동시,K,2051,2091,2217,1968,2033,2057,2051,2091,2217,1968,2033,2057,89,34,-123,89,small_increase
안동시,L,1067,1015,992,894,932,977,1067,1015,992,894,932,977,83,38,-121,83,big_increase
안동시,M,1487,1332,1547,1788,1857,1861,1487,1332,1547,1788,1857,1861,73,-529,456,73,small_increase
안동시,N,825,765,876,722,722,910,825,765,876,722,722,910,188,-145,-43,188,big_increase
안동시,P,2771,2745,2990,2675,2622,2592,2771,2745,2990,2675,2622,2592,-83,153,-70,-83,small_increase
안동시,Q,7210,7590,8257,8570,9093,9432,7210,7590,8257,8570,9093,9432,862,-1842,980,862,small_decrease
안동시,R,832,1048,935,605,867,865,832,1048,935,605,867,865,260,183,-443,260,big_increase
안동시,S,1692,1815,1947,1682,1728,1760,1692,1815,1947,1682,1728,1760,78,55,-133,78,small_increase
구미시,A,247,246,295,295,268,447,247,246,295,295,268,447,152,-201,49,152,big_increase
구미시,B,65,47,40,35,19,26,65,47,40,35,19,26,-9,21,-12,-9,big_increase
구미시,C,93895,87930,84413,81576,82844,85965,93895,87930,84413,81576,82844,85965,4389,1965,-6354,4389,small_increase
구미시,D,428,452,462,499,439,434,428,452,462,499,439,434,-65,18,47,-65,big_increase
구미시,E,768,768,834,899,835,798,768,768,834,899,835,798,-101,-30,131,-101,big_increase
구미시,F,9119,9366,8963,8833,7645,8041,9119,9366,8963,8833,7645,8041,-792,1325,-533,-792,small_increase
구미시,G,13036,12705,13822,11020,11171,10994,13036,12705,13822,11020,11171,10994,-26,1711,-1685,-26,small_increase
구미시,H,3964,3814,3447,3488,2996,2948,3964,3814,3447,3488,2996,2948,-540,866,-326,-540,big_increase
구미시,I,10770,11131,11713,8452,8527,9714,10770,11131,11713,8452,8527,9714,1262,1417,-2679,1262,small_increase
구미시,J,1006,923,933,763,798,967,1006,923,933,763,798,967,204,-44,-160,204,big_increase
구미시,K,4681,4679,4427,4299,4325,4490,4681,4679,4427,4299,4325,4490,191,189,-380,191,small_increase
구미시,L,3450,3307,3375,3620,4819,4601,3450,3307,3375,3620,4819,4601,981,-1294,313,981,small_decrease
구미시,M,2727,2859,2936,3309,3408,3746,2727,2859,2936,3309,3408,3746,437,-887,450,437,small_decrease
구미시,N,7820,7223,6994,7291,5426,6268,7820,7223,6994,7291,5426,6268,-1023,955,68,-1023,small_increase
구미시,P,5543,5325,5777,5462,5557,5570,5543,5325,5777,5462,5557,5570,108,-245,137,108,small_increase
구미시,Q,11724,12854,13303,13335,13975,14100,11724,12854,13303,13335,13975,14100,765,-1246,481,765,small_decrease
구미시,R,1625,1562,1928,1150,1185,1320,1625,1562,1928,1150,1185,1320,170,242,-412,170,big_increase
구미시,S,3879,3910,4177,3184,2956,3216,3879,3910,4177,3184,2956,3216,32,694,-726,32,big_increase
영주시,A,61,74,74,103,98,129,61,74,74,103,98,129,26,-55,29,26,big_increase
영주시,B,134,154,121,117,130,147,134,154,121,117,130,147,30,7,-37,30,big_increase
영주시,C,5332,5474,5729,5241,5383,5641,5332,5474,5729,5241,5383,5641,400,-167,-233,400,small_increase
영주시,D,129,143,126,130,132,130,129,143,126,130,132,130,0,13,-13,0,big_increase
영주시,E,137,160,195,166,176,197,137,160,195,166,176,197,31,-37,6,31,big_increase
영주시,F,2700,2736,2738,2088,2059,2246,2700,2736,2738,2088,2059,2246,158,490,-648,158,big_increase
영주시,G,4286,3963,4099,3136,3117,3231,4286,3963,4099,3136,3117,3231,95,732,-827,95,big_increase
영주시,H,1728,1579,1634,1423,1491,1451,1728,1579,1634,1423,1491,1451,28,128,-156,28,big_increase
영주시,I,3329,3344,3362,2006,2105,2739,3329,3344,3362,2006,2105,2739,733,605,-1338,733,big_increase
영주시,J,268,282,287,234,242,213,268,282,287,234,242,213,-21,69,-48,-21,big_increase
영주시,K,1326,1432,1300,1170,1187,1166,1326,1432,1300,1170,1187,1166,-4,266,-262,-4,big_increase
영주시,L,485,472,450,390,373,369,485,472,450,390,373,369,-21,103,-82,-21,big_increase
영주시,M,543,594,620,585,629,680,543,594,620,585,629,680,95,-86,-9,95,big_increase
영주시,N,449,469,571,544,550,629,449,469,571,544,550,629,85,-160,75,85,big_increase
영주시,P,1984,2071,2151,1831,1822,1820,1984,2071,2151,1831,1822,1820,-11,251,-240,-11,big_increase
영주시,Q,3481,3995,4284,4025,4078,4059,3481,3995,4284,4025,4078,4059,34,-64,30,34,small_increase
영주시,R,383,462,583,311,442,460,383,462,583,311,442,460,149,2,-151,149,big_increase
영주시,S,1216,1194,1218,999,936,1103,1216,1194,1218,999,936,1103,104,91,-195,104,big_increase
영천시,A,275,315,299,392,410,327,275,315,299,392,410,327,-65,-12,77,-65,big_increase
영천시,B,35,31,43,14,14,14,35,31,43,14,14,14,0,17,-17,0,big_increase
영천시,C,17217,17226,17249,15386,15270,16174,17217,17226,17249,15386,15270,16174,788,1052,-1840,788,small_increase
영천시,D,54,62,62,61,62,62,54,62,62,61,62,62,1,0,-1,1,big_increase
영천시,E,297,370,342,378,464,491,297,370,342,378,464,491,113,-121,8,113,big_increase
영천시,F,1890,1863,2043,2270,4891,3453,1890,1863,2043,2270,4891,3453,1183,-1590,407,1183,small_decrease
영천시,G,3065,3010,3160,2810,2918,3210,3065,3010,3160,2810,2918,3210,400,-200,-200,400,small_increase
영천시,H,689,695,803,644,662,690,689,695,803,644,662,690,46,5,-51,46,big_increase
영천시,I,1717,1852,2121,1524,1480,1579,1717,1852,2121,1524,1480,1579,55,273,-328,55,big_increase
영천시,J,83,87,75,84,107,85,83,87,75,84,107,85,1,2,-3,1,big_increase
영천시,K,895,854,824,777,804,841,895,854,824,777,804,841,64,13,-77,64,big_increase
영천시,L,498,427,367,371,528,458,498,427,367,371,528,458,87,-31,-56,87,big_increase
영천시,M,526,601,585,557,711,643,526,601,585,557,711,643,86,-42,-44,86,big_increase
영천시,N,746,809,980,963,1297,1117,746,809,980,963,1297,1117,154,-308,154,154,small_increase
영천시,P,975,920,1113,1021,965,1029,975,920,1113,1021,965,1029,8,-109,101,8,big_increase
영천시,Q,3769,3915,4094,4231,4859,5394,3769,3915,4094,4231,4859,5394,1163,-1479,316,1163,small_decrease
영천시,R,635,568,607,395,495,578,635,568,607,395,495,578,183,-10,-173,183,big_increase
영천시,S,803,824,943,777,965,724,803,824,943,777,965,724,-53,100,-47,-53,big_increase
상주시,A,208,230,197,225,294,360,208,230,197,225,294,360,135,-130,-5,135,big_increase
상주시,B,48,54,37,39,51,60,48,54,37,39,51,60,21,-6,-15,21,big_increase
상주시,C,4039,4298,4383,4363,4140,4519,4039,4298,4383,4363,4140,4519,156,-221,65,156,small_increase
상주시,D,61,51,52,52,58,54,61,51,52,52,58,54,2,-3,1,2,big_increase
상주시,E,121,132,135,148,157,177,121,132,135,148,157,177,29,-45,16,29,big_increase
상주시,F,3438,3618,3503,3108,2975,3342,3438,3618,3503,3108,2975,3342,234,276,-510,234,small_increase
상주시,G,2573,2474,2687,2095,2369,2660,2573,2474,2687,2095,2369,2660,565,-186,-379,565,small_increase
상주시,H,864,787,919,853,755,739,864,787,919,853,755,739,-114,48,66,-114,big_increase
상주시,I,1489,1582,1688,1272,1238,1387,1489,1582,1688,1272,1238,1387,115,195,-310,115,big_increase
상주시,J,126,118,115,123,96,100,126,118,115,123,96,100,-23,18,5,-23,big_increase
상주시,K,1092,952,936,885,866,852,1092,952,936,885,866,852,-33,100,-67,-33,big_increase
상주시,L,280,289,276,256,280,266,280,289,276,256,280,266,10,23,-33,10,big_increase
상주시,M,601,619,692,657,702,750,601,619,692,657,702,750,93,-131,38,93,big_increase
상주시,N,538,347,385,332,320,413,538,347,385,332,320,413,81,-66,-15,81,big_increase
상주시,P,909,977,995,833,864,898,909,977,995,833,864,898,65,79,-144,65,big_increase
상주시,Q,3425,3571,4030,4569,6059,6327,3425,3571,4030,4569,6059,6327,1758,-2756,998,1758,small_decrease
상주시,R,521,531,528,422,469,489,521,531,528,422,469,489,67,42,-109,67,big_increase
상주시,S,906,979,1031,908,800,874,906,979,1031,908,800,874,-34,105,-71,-34,big_increase
문경시,A,130,162,158,158,160,175,130,162,158,158,160,175,17,-13,-4,17,big_increase
문경시,B,55,57,61,62,68,66,55,57,61,62,68,66,4,-9,5,4,big_increase
문경시,C,2808,2964,3075,3202,3174,3196,2808,2964,3075,3202,3174,3196,-6,-232,238,-6,small_increase
문경시,D,39,43,42,45,48,46,39,43,42,45,48,46,1,-3,2,1,big_increase
문경시,E,148,135,151,142,179,195,148,135,151,142,179,195,53,-60,7,53,big_increase
문경시,F,1644,1733,1791,1348,1532,1582,1644,1733,1791,1348,1532,1582,234,151,-385,234,big_increase
문경시,G,2023,1852,2111,1834,1905,1893,2023,1852,2111,1834,1905,1893,59,-41,-18,59,small_increase
문경시,H,462,406,493,601,619,385,462,406,493,601,619,385,-216,21,195,-216,big_increase
문경시,I,1455,1529,1951,1223,1175,1372,1455,1529,1951,1223,1175,1372,149,157,-306,149,big_increase
문경시,J,63,71,68,62,51,58,63,71,68,62,51,58,-4,13,-9,-4,big_increase
문경시,K,749,803,797,723,746,701,749,803,797,723,746,701,-22,102,-80,-22,big_increase
문경시,L,136,129,130,126,128,144,136,129,130,126,128,144,18,-15,-3,18,big_increase
문경시,M,262,253,295,284,346,328,262,253,295,284,346,328,44,-75,31,44,big_increase
문경시,N,248,272,408,190,258,402,248,272,408,190,258,402,212,-130,-82,212,big_increase
문경시,P,744,726,786,656,644,605,744,726,786,656,644,605,-51,121,-70,-51,big_increase
문경시,Q,4021,4083,4718,4788,4849,5029,4021,4083,4718,4788,4849,5029,241,-946,705,241,small_decrease
문경시,R,309,293,299,216,222,285,309,293,299,216,222,285,69,8,-77,69,big_increase
문경시,S,644,647,750,569,595,627,644,647,750,569,595,627,58,20,-78,58,big_increase
경산시,A,156,118,121,143,187,206,156,118,121,143,187,206,63,-88,25,63,big_increase
경산시,B,101,104,106,106,117,95,101,104,106,106,117,95,-11,9,2,-11,big_increase
경산시,C,35137,35063,36324,32584,32397,33346,35137,35063,36324,32584,32397,33346,762,1717,-2479,762,small_increase
경산시,D,365,371,267,239,247,258,365,371,267,239,247,258,19,113,-132,19,big_increase
경산시,E,458,493,539,500,538,574,458,493,539,500,538,574,74,-81,7,74,big_increase
경산시,F,4520,5250,4929,4502,4893,4873,4520,5250,4929,4502,4893,4873,371,377,-748,371,small_increase
경산시,G,8394,8646,9304,7533,8484,8834,8394,8646,9304,7533,8484,8834,1301,-188,-1113,1301,small_increase
경산시,H,3043,3126,3431,2739,2892,2916,3043,3126,3431,2739,2892,2916,177,210,-387,177,small_increase
경산시,I,6519,7021,7267,4998,5879,6597,6519,7021,7267,4998,5879,6597,1599,424,-2023,1599,small_increase
경산시,J,412,539,578,600,833,790,412,539,578,600,833,790,190,-251,61,190,big_increase
경산시,K,1514,1551,1605,1511,1458,1474,1514,1551,1605,1511,1458,1474,-37,77,-40,-37,big_increase
경산시,L,1355,1514,1486,1233,1654,1706,1355,1514,1486,1233,1654,1706,473,-192,-281,473,small_increase
경산시,M,2325,2729,2890,3034,3649,3743,2325,2729,2890,3034,3649,3743,709,-1014,305,709,small_decrease
경산시,N,1454,1125,1554,1368,1130,1295,1454,1125,1554,1368,1130,1295,-73,-170,243,-73,small_increase
경산시,P,11813,10477,10864,10896,10396,10742,11813,10477,10864,10896,10396,10742,-154,-265,419,-154,small_increase
경산시,Q,7920,8350,8906,9224,10098,11169,7920,8350,8906,9224,10098,11169,1945,-2819,874,1945,small_decrease
경산시,R,1492,1544,1344,970,1046,1161,1492,1544,1344,970,1046,1161,191,383,-574,191,big_increase
경산시,S,2482,2276,2364,1971,2020,2228,2482,2276,2364,1971,2020,2228,257,48,-305,257,small_increase
군위군,A,63,76,54,92,102,69,63,76,54,92,102,69,-23,7,16,-23,big_increase
군위군,B,43,43,50,38,8,3,43,43,50,38,8,3,-35,40,-5,-35,big_increase
군위군,C,2018,1925,1886,1759,1723,1729,2018,1925,1886,1759,1723,1729,-30,196,-166,-30,big_increase
군위군,D,34,42,38,31,1,30,34,42,38,31,1,30,-1,12,-11,-1,big_increase
군위군,E,79,83,66,68,57,72,79,83,66,68,57,72,4,11,-15,4,big_increase
군위군,F,1052,869,834,1297,1023,999,1052,869,834,1297,1023,999,-298,-130,428,-298,small_increase
군위군,G,536,557,590,555,587,560,536,557,590,555,587,560,5,-3,-2,5,big_increase
군위군,H,166,161,219,164,198,97,166,161,219,164,198,97,-67,64,3,-67,big_increase
군위군,I,482,419,487,318,323,387,482,419,487,318,323,387,69,32,-101,69,big_increase
군위군,J,34,28,24,23,33,28,34,28,24,23,33,28,5,0,-5,5,big_increase
군위군,K,219,172,169,197,237,210,219,172,169,197,237,210,13,-38,25,13,big_increase
군위군,L,45,36,24,43,48,25,45,36,24,43,48,25,-18,11,7,-18,big_increase
군위군,M,63,61,60,47,131,121,63,61,60,47,131,121,74,-60,-14,74,big_increase
군위군,N,48,47,33,28,26,33,48,47,33,28,26,33,5,14,-19,5,big_increase
군위군,P,49,62,50,44,43,55,49,62,50,44,43,55,11,7,-18,11,big_increase
군위군,Q,621,611,685,752,729,2603,621,611,685,752,729,2603,1851,-1992,141,1851,big_decrease
군위군,R,260,155,194,163,270,308,260,155,194,163,270,308,145,-153,8,145,big_increase
군위군,S,271,275,260,263,271,223,271,275,260,263,271,223,-40,52,-12,-40,big_increase
의성군,A,239,228,281,304,286,381,239,228,281,304,286,381,77,-153,76,77,big_increase
의성군,B,5,7,4,4,10,8,5,7,4,4,10,8,4,-1,-3,4,big_increase
의성군,C,1608,1635,1660,1484,1395,1518,1608,1635,1660,1484,1395,1518,34,117,-151,34,big_increase
의성군,D,59,70,68,71,61,55,59,70,68,71,61,55,-16,15,1,-16,big_increase
의성군,E,115,130,174,144,132,131,115,130,174,144,132,131,-13,-1,14,-13,big_increase
의성군,F,1402,1268,1576,1481,1881,1727,1402,1268,1576,1481,1881,1727,246,-459,213,246,small_increase
의성군,G,1030,1140,1317,1850,1024,1057,1030,1140,1317,1850,1024,1057,-793,83,710,-793,small_increase
의성군,H,194,241,264,253,287,179,194,241,264,253,287,179,-74,62,12,-74,big_increase
의성군,I,502,455,683,436,396,391,502,455,683,436,396,391,-45,64,-19,-45,big_increase
의성군,J,71,79,62,57,68,72,71,79,62,57,68,72,15,7,-22,15,big_increase
의성군,K,522,467,474,475,394,397,522,467,474,475,394,397,-78,70,8,-78,big_increase
의성군,L,71,74,77,64,53,50,71,74,77,64,53,50,-14,24,-10,-14,big_increase
의성군,M,219,201,221,257,179,217,219,201,221,257,179,217,-40,-16,56,-40,big_increase
의성군,N,136,121,205,96,94,122,136,121,205,96,94,122,26,-1,-25,26,big_increase
의성군,P,128,115,126,109,100,118,128,115,126,109,100,118,9,-3,-6,9,big_increase
의성군,Q,1907,1878,2055,2397,2173,2387,1907,1878,2055,2397,2173,2387,-10,-509,519,-10,small_increase
의성군,R,89,301,132,331,369,250,89,301,132,331,369,250,-81,51,30,-81,big_increase
의성군,S,514,529,561,534,434,467,514,529,561,534,434,467,-67,62,5,-67,big_increase
청송군,A,214,246,381,231,240,253,214,246,381,231,240,253,22,-7,-15,22,big_increase
청송군,B,28,35,28,47,42,32,28,35,28,47,42,32,-15,3,12,-15,big_increase
청송군,C,257,303,359,311,296,327,257,303,359,311,296,327,16,-24,8,16,big_increase
청송군,D,89,90,90,99,93,94,89,90,90,99,93,94,-5,-4,9,-5,big_increase
청송군,E,33,61,61,51,62,87,33,61,61,51,62,87,36,-26,-10,36,big_increase
청송군,F,619,685,717,729,868,906,619,685,717,729,868,906,177,-221,44,177,big_increase
청송군,G,552,578,593,520,584,618,552,578,593,520,584,618,98,-40,-58,98,big_increase
청송군,H,164,187,211,224,189,221,164,187,211,224,189,221,-3,-34,37,-3,big_increase
청송군,I,540,585,714,391,384,434,540,585,714,391,384,434,43,151,-194,43,big_increase
청송군,J,40,34,37,32,38,31,40,34,37,32,38,31,-1,3,-2,-1,big_increase
청송군,K,211,187,177,169,163,176,211,187,177,169,163,176,7,11,-18,7,big_increase
청송군,L,0,0,4,13,22,41,0,0,4,13,22,41,28,-41,13,28,big_increase
청송군,M,75,77,84,103,87,107,75,77,84,103,87,107,4,-30,26,4,big_increase
청송군,N,20,24,48,44,53,63,20,24,48,44,53,63,19,-39,20,19,big_increase
청송군,P,143,149,156,135,134,145,143,149,156,135,134,145,10,4,-14,10,big_increase
청송군,Q,2024,1993,2630,3028,3016,3437,2024,1993,2630,3028,3016,3437,409,-1444,1035,409,small_decrease
청송군,R,107,114,118,109,134,127,107,114,118,109,134,127,18,-13,-5,18,big_increase
청송군,S,224,265,260,245,269,248,224,265,260,245,269,248,3,17,-20,3,big_increase
영양군,A,77,90,64,96,72,134,77,90,64,96,72,134,38,-44,6,38,big_increase
영양군,B,1,2,1,1,1,1,1,2,1,1,1,1,0,1,-1,0,big_increase
영양군,C,297,243,277,215,286,242,297,243,277,215,286,242,27,1,-28,27,big_increase
영양군,D,44,37,27,24,29,61,44,37,27,24,29,61,37,-24,-13,37,big_increase
영양군,E,14,26,32,27,14,9,14,26,32,27,14,9,-18,17,1,-18,big_increase
영양군,F,486,514,600,969,912,990,486,514,600,969,912,990,21,-476,455,21,small_increase
영양군,G,146,148,185,257,161,198,146,148,185,257,161,198,-59,-50,109,-59,big_increase
영양군,H,68,67,54,66,66,64,68,67,54,66,66,64,-2,3,-1,-2,big_increase
영양군,I,158,233,196,135,120,139,158,233,196,135,120,139,4,94,-98,4,big_increase
영양군,J,35,37,29,22,28,24,35,37,29,22,28,24,2,13,-15,2,big_increase
영양군,K,109,111,114,114,102,113,109,111,114,114,102,113,-1,-2,3,-1,big_increase
영양군,L,0,0,0,0,3,3,0,0,0,0,3,3,3,-3,0,3,big_increase
영양군,M,68,52,181,229,283,206,68,52,181,229,283,206,-23,-154,177,-23,big_increase
영양군,N,29,32,26,44,39,40,29,32,26,44,39,40,-4,-8,12,-4,big_increase
영양군,P,74,76,77,64,90,67,74,76,77,64,90,67,3,9,-12,3,big_increase
영양군,Q,363,352,450,560,611,603,363,352,450,560,611,603,43,-251,208,43,big_increase
영양군,R,49,40,46,40,9,27,49,40,46,40,9,27,-13,13,0,-13,big_increase
영양군,S,146,130,118,104,86,92,146,130,118,104,86,92,-12,38,-26,-12,big_increase
영덕군,A,99,72,76,79,54,74,99,72,76,79,54,74,-5,-2,7,-5,big_increase
영덕군,B,60,47,40,32,32,29,60,47,40,32,32,29,-3,18,-15,-3,big_increase
영덕군,C,1012,983,1029,982,866,877,1012,983,1029,982,866,877,-105,106,-1,-105,big_increase
영덕군,D,47,46,71,55,70,60,47,46,71,55,70,60,5,-14,9,5,big_increase
영덕군,E,79,65,66,78,83,85,79,65,66,78,83,85,7,-20,13,7,big_increase
영덕군,F,988,1078,1304,954,1125,1290,988,1078,1304,954,1125,1290,336,-212,-124,336,big_increase
영덕군,G,675,729,1005,713,790,778,675,729,1005,713,790,778,65,-49,-16,65,big_increase
영덕군,H,135,163,142,138,145,124,135,163,142,138,145,124,-14,39,-25,-14,big_increase
영덕군,I,882,945,1147,791,806,925,882,945,1147,791,806,925,134,20,-154,134,big_increase
영덕군,J,52,75,62,59,66,66,52,75,62,59,66,66,7,9,-16,7,big_increase
영덕군,K,407,370,366,345,309,340,407,370,366,345,309,340,-5,30,-25,-5,big_increase
영덕군,L,33,30,30,36,43,37,33,30,30,36,43,37,1,-7,6,1,big_increase
영덕군,M,105,122,125,133,157,161,105,122,125,133,157,161,28,-39,11,28,big_increase
영덕군,N,152,94,97,114,157,208,152,94,97,114,157,208,94,-114,20,94,big_increase
영덕군,P,230,264,358,295,207,207,230,264,358,295,207,207,-88,57,31,-88,big_increase
영덕군,Q,1030,1277,1441,1419,1541,1769,1030,1277,1441,1419,1541,1769,350,-492,142,350,small_increase
영덕군,R,261,249,310,246,255,287,261,249,310,246,255,287,41,-38,-3,41,big_increase
영덕군,S,346,359,465,361,344,379,346,359,465,361,344,379,18,-20,2,18,big_increase
청도군,A,817,869,889,899,661,726,817,869,889,899,661,726,-173,143,30,-173,big_increase
청도군,B,25,21,20,21,22,22,25,21,20,21,22,22,1,-1,0,1,big_increase
청도군,C,2247,2415,2250,1877,1571,1821,2247,2415,2250,1877,1571,1821,-56,594,-538,-56,big_increase
청도군,D,36,39,40,38,33,36,36,39,40,38,33,36,-2,3,-1,-2,big_increase
청도군,E,67,70,94,118,96,100,67,70,94,118,96,100,-18,-30,48,-18,big_increase
청도군,F,1009,1170,1198,825,714,798,1009,1170,1198,825,714,798,-27,372,-345,-27,big_increase
청도군,G,1232,1254,1266,1234,1050,1147,1232,1254,1266,1234,1050,1147,-87,107,-20,-87,big_increase
청도군,H,278,370,332,207,106,177,278,370,332,207,106,177,-30,193,-163,-30,big_increase
청도군,I,1199,1258,993,827,899,1084,1199,1258,993,827,899,1084,257,174,-431,257,big_increase
청도군,J,26,27,31,36,27,22,26,27,31,36,27,22,-14,5,9,-14,big_increase
청도군,K,263,272,258,271,289,302,263,272,258,271,289,302,31,-30,-1,31,big_increase
청도군,L,85,93,69,47,38,25,85,93,69,47,38,25,-22,68,-46,-22,big_increase
청도군,M,162,151,213,199,151,172,162,151,213,199,151,172,-27,-21,48,-27,big_increase
청도군,N,120,116,163,173,144,152,120,116,163,173,144,152,-21,-36,57,-21,big_increase
청도군,P,334,315,375,335,302,305,334,315,375,335,302,305,-30,10,20,-30,big_increase
청도군,Q,1489,1567,1774,1825,1567,2074,1489,1567,1774,1825,1567,2074,249,-507,258,249,small_increase
청도군,R,372,376,343,287,309,288,372,376,343,287,309,288,1,88,-89,1,big_increase
청도군,S,586,608,618,527,421,464,586,608,618,527,421,464,-63,144,-81,-63,big_increase
고령군,A,176,190,171,150,155,168,176,190,171,150,155,168,18,22,-40,18,big_increase
고령군,B,65,44,43,65,66,66,65,44,43,65,66,66,1,-22,21,1,big_increase
고령군,C,10133,10224,9822,8905,8835,9509,10133,10224,9822,8905,8835,9509,604,715,-1319,604,small_increase
고령군,D,38,42,44,46,39,47,38,42,44,46,39,47,1,-5,4,1,big_increase
고령군,E,334,341,382,336,397,395,334,341,382,336,397,395,59,-54,-5,59,big_increase
고령군,F,1092,964,836,651,834,963,1092,964,836,651,834,963,312,1,-313,312,big_increase
고령군,G,1241,1276,1458,1270,1364,1484,1241,1276,1458,1270,1364,1484,214,-208,-6,214,small_increase
고령군,H,225,204,304,282,350,320,225,204,304,282,350,320,38,-116,78,38,big_increase
고령군,I,581,502,636,439,467,483,581,502,636,439,467,483,44,19,-63,44,big_increase
고령군,J,58,53,49,46,44,54,58,53,49,46,44,54,8,-1,-7,8,big_increase
고령군,K,205,212,187,187,197,206,205,212,187,187,197,206,19,6,-25,19,big_increase
고령군,L,87,71,75,79,108,116,87,71,75,79,108,116,37,-45,8,37,big_increase
고령군,M,90,87,90,118,151,180,90,87,90,118,151,180,62,-93,31,62,big_increase
고령군,N,60,58,77,72,85,94,60,58,77,72,85,94,22,-36,14,22,big_increase
고령군,P,147,165,170,132,141,132,147,165,170,132,141,132,0,33,-33,0,big_increase
고령군,Q,864,849,1032,1175,1553,1159,864,849,1032,1175,1553,1159,-16,-310,326,-16,small_increase
고령군,R,105,122,141,130,260,304,105,122,141,130,260,304,174,-182,8,174,big_increase
고령군,S,366,383,399,418,396,415,366,383,399,418,396,415,-3,-32,35,-3,big_increase
성주군,A,171,171,154,143,229,189,171,171,154,143,229,189,46,-18,-28,46,big_increase
성주군,B,40,47,52,52,60,63,40,47,52,52,60,63,11,-16,5,11,big_increase
성주군,C,9328,9254,9241,8677,8646,9350,9328,9254,9241,8677,8646,9350,673,-96,-577,673,small_increase
성주군,D,37,49,48,46,44,44,37,49,48,46,44,44,-2,5,-3,-2,big_increase
성주군,E,272,298,256,224,297,327,272,298,256,224,297,327,103,-29,-74,103,big_increase
성주군,F,1201,1314,1388,1343,1823,1650,1201,1314,1388,1343,1823,1650,307,-336,29,307,small_increase
성주군,G,1018,1125,1405,1063,1196,1330,1018,1125,1405,1063,1196,1330,267,-205,-62,267,big_increase
성주군,H,450,368,541,578,612,559,450,368,541,578,612,559,-19,-191,210,-19,big_increase
성주군,I,915,984,1066,690,752,892,915,984,1066,690,752,892,202,92,-294,202,big_increase
성주군,J,51,55,60,61,55,57,51,55,60,61,55,57,-4,-2,6,-4,big_increase
성주군,K,285,294,253,304,274,249,285,294,253,304,274,249,-55,45,10,-55,big_increase
성주군,L,112,142,109,71,78,93,112,142,109,71,78,93,22,49,-71,22,big_increase
성주군,M,161,188,163,171,238,220,161,188,163,171,238,220,49,-32,-17,49,big_increase
성주군,N,112,154,143,106,94,118,112,154,143,106,94,118,12,36,-48,12,big_increase
성주군,P,209,227,270,213,207,233,209,227,270,213,207,233,20,-6,-14,20,big_increase
성주군,Q,973,1000,1025,1325,1526,1404,973,1000,1025,1325,1526,1404,79,-404,325,79,small_increase
성주군,R,97,127,158,132,154,137,97,127,158,132,154,137,5,-10,5,5,big_increase
성주군,S,337,369,364,305,316,349,337,369,364,305,316,349,44,20,-64,44,big_increase
칠곡군,A,120,149,178,204,175,177,120,149,178,204,175,177,-27,-28,55,-27,big_increase
칠곡군,B,42,46,49,44,35,50,42,46,49,44,35,50,6,-4,-2,6,big_increase
칠곡군,C,26147,25890,25590,24304,24489,25586,26147,25890,25590,24304,24489,25586,1282,304,-1586,1282,small_increase
칠곡군,D,104,140,146,131,130,133,104,140,146,131,130,133,2,7,-9,2,big_increase
칠곡군,E,416,446,401,426,442,452,416,446,401,426,442,452,26,-6,-20,26,big_increase
칠곡군,F,2526,2835,2912,2255,2677,2627,2526,2835,2912,2255,2677,2627,372,208,-580,372,small_increase
칠곡군,G,5233,5504,6175,5187,5961,5856,5233,5504,6175,5187,5961,5856,669,-352,-317,669,small_increase
칠곡군,H,3118,2958,2981,2809,2727,2927,3118,2958,2981,2809,2727,2927,118,31,-149,118,small_increase
칠곡군,I,2646,2919,3261,2204,2211,2501,2646,2919,3261,2204,2211,2501,297,418,-715,297,big_increase
칠곡군,J,178,183,214,177,125,138,178,183,214,177,125,138,-39,45,-6,-39,big_increase
칠곡군,K,610,624,598,572,544,546,610,624,598,572,544,546,-26,78,-52,-26,big_increase
칠곡군,L,559,567,642,527,617,705,559,567,642,527,617,705,178,-138,-40,178,big_increase
칠곡군,M,459,562,654,746,840,806,459,562,654,746,840,806,60,-244,184,60,big_increase
칠곡군,N,669,703,682,725,696,615,669,703,682,725,696,615,-110,88,22,-110,big_increase
칠곡군,P,1642,1665,1779,1468,1460,1418,1642,1665,1779,1468,1460,1418,-50,247,-197,-50,big_increase
칠곡군,Q,3302,3410,3694,3701,5706,5567,3302,3410,3694,3701,5706,5567,1866,-2157,291,1866,small_decrease
칠곡군,R,646,627,664,544,582,673,646,627,664,544,582,673,129,-46,-83,129,big_increase
칠곡군,S,1130,1172,1258,1121,1028,1177,1130,1172,1258,1121,1028,1177,56,-5,-51,56,big_increase
예천군,A,79,96,84,96,151,170,79,96,84,96,151,170,74,-74,0,74,big_increase
예천군,B,0,0,8,10,12,10,0,0,8,10,12,10,0,-10,10,0,big_increase
예천군,C,824,900,916,864,817,815,824,900,916,864,817,815,-49,85,-36,-49,big_increase
예천군,D,111,205,114,118,109,121,111,205,114,118,109,121,3,84,-87,3,big_increase
예천군,E,132,142,169,195,175,161,132,142,169,195,175,161,-34,-19,53,-34,big_increase
예천군,F,1030,1016,1295,1200,1403,1171,1030,1016,1295,1200,1403,1171,-29,-155,184,-29,small_increase
예천군,G,822,883,1168,979,1080,1011,822,883,1168,979,1080,1011,32,-128,96,32,big_increase
예천군,H,208,213,222,215,236,236,208,213,222,215,236,236,21,-23,2,21,big_increase
예천군,I,584,795,912,658,641,805,584,795,912,658,641,805,147,-10,-137,147,big_increase
예천군,J,45,53,57,62,60,57,45,53,57,62,60,57,-5,-4,9,-5,big_increase
예천군,K,350,314,294,291,316,344,350,314,294,291,316,344,53,-30,-23,53,big_increase
예천군,L,77,69,117,132,168,336,77,69,117,132,168,336,204,-267,63,204,big_increase
예천군,M,89,106,132,166,225,347,89,106,132,166,225,347,181,-241,60,181,big_increase
예천군,N,159,134,173,145,183,118,159,134,173,145,183,118,-27,16,11,-27,big_increase
예천군,P,180,224,284,250,313,287,180,224,284,250,313,287,37,-63,26,37,big_increase
예천군,Q,1492,1691,1933,2073,2611,2646,1492,1691,1933,2073,2611,2646,573,-955,382,573,small_decrease
예천군,R,189,205,182,187,199,257,189,205,182,187,199,257,70,-52,-18,70,big_increase
예천군,S,397,490,459,419,478,522,397,490,459,419,478,522,103,-32,-71,103,big_increase
봉화군,A,122,123,100,97,156,183,122,123,100,97,156,183,86,-60,-26,86,big_increase
봉화군,B,107,95,72,81,100,21,107,95,72,81,100,21,-60,74,-14,-60,big_increase
봉화군,C,1631,1627,1696,1612,1596,1595,1631,1627,1696,1612,1596,1595,-17,32,-15,-17,big_increase
봉화군,D,54,55,45,65,58,60,54,55,45,65,58,60,-5,-5,10,-5,big_increase
봉화군,E,141,152,162,153,176,157,141,152,162,153,176,157,4,-5,1,4,big_increase
봉화군,F,1848,2048,1956,1484,1786,1918,1848,2048,1956,1484,1786,1918,434,130,-564,434,small_increase
봉화군,G,529,470,554,472,472,485,529,470,554,472,472,485,13,-15,2,13,big_increase
봉화군,H,288,258,265,235,221,212,288,258,265,235,221,212,-23,46,-23,-23,big_increase
봉화군,I,411,388,457,330,377,430,411,388,457,330,377,430,100,-42,-58,100,big_increase
봉화군,J,42,32,31,33,37,33,42,32,31,33,37,33,0,-1,1,0,big_increase
봉화군,K,199,195,202,209,207,184,199,195,202,209,207,184,-25,11,14,-25,big_increase
봉화군,L,8,12,14,13,23,17,8,12,14,13,23,17,4,-5,1,4,big_increase
봉화군,M,97,58,70,67,92,88,97,58,70,67,92,88,21,-30,9,21,big_increase
봉화군,N,40,32,65,59,51,61,40,32,65,59,51,61,2,-29,27,2,big_increase
봉화군,P,65,70,64,64,80,84,65,70,64,64,80,84,20,-14,-6,20,big_increase
봉화군,Q,698,688,817,758,971,1075,698,688,817,758,971,1075,317,-387,70,317,small_increase
봉화군,R,284,305,371,391,297,351,284,305,371,391,297,351,-40,-46,86,-40,big_increase
봉화군,S,316,291,367,298,250,227,316,291,367,298,250,227,-71,64,7,-71,big_increase
울진군,A,46,45,110,151,128,229,46,45,110,151,128,229,78,-184,106,78,big_increase
울진군,B,122,106,75,34,43,51,122,106,75,34,43,51,17,55,-72,17,big_increase
울진군,C,960,928,956,778,806,829,960,928,956,778,806,829,51,99,-150,51,big_increase
울진군,D,2338,2312,2308,2340,2778,2777,2338,2312,2308,2340,2778,2777,437,-465,28,437,small_increase
울진군,E,174,201,227,120,137,138,174,201,227,120,137,138,18,63,-81,18,big_increase
울진군,F,2155,2337,2672,1445,1766,1895,2155,2337,2672,1445,1766,1895,450,442,-892,450,big_increase
울진군,G,1249,1189,1334,995,1034,1132,1249,1189,1334,995,1034,1132,137,57,-194,137,big_increase
울진군,H,176,174,167,134,173,186,176,174,167,134,173,186,52,-12,-40,52,big_increase
울진군,I,1683,1719,1801,1243,1261,1447,1683,1719,1801,1243,1261,1447,204,272,-476,204,big_increase
울진군,J,35,60,57,36,46,41,35,60,57,36,46,41,5,19,-24,5,big_increase
울진군,K,438,432,389,366,343,368,438,432,389,366,343,368,2,64,-66,2,big_increase
울진군,L,78,87,91,74,103,76,78,87,91,74,103,76,2,11,-13,2,big_increase
울진군,M,322,342,312,1175,1148,1007,322,342,312,1175,1148,1007,-168,-665,833,-168,small_increase
울진군,N,339,387,421,317,288,687,339,387,421,317,288,687,370,-300,-70,370,big_increase
울진군,P,262,205,249,215,210,207,262,205,249,215,210,207,-8,-2,10,-8,big_increase
울진군,Q,1477,1443,1480,1621,1758,2126,1477,1443,1480,1621,1758,2126,505,-683,178,505,small_decrease
울진군,R,131,153,163,192,192,202,131,153,163,192,192,202,10,-49,39,10,big_increase
울진군,S,423,419,455,363,359,386,423,419,455,363,359,386,23,33,-56,23,big_increase
울릉군,A,5,6,7,7,11,3,5,6,7,7,11,3,-4,3,1,-4,big_increase
울릉군,B,0,0,0,0,0,0,0,0,0,0,0,0,0,0,0,0,big_increase
울릉군,C,228,260,290,236,240,245,228,260,290,236,240,245,9,15,-24,9,big_increase
울릉군,D,57,64,42,46,52,50,57,64,42,46,52,50,4,14,-18,4,big_increase
울릉군,E,35,31,30,31,42,42,35,31,30,31,42,42,11,-11,0,11,big_increase
울릉군,F,575,667,508,394,417,501,575,667,508,394,417,501,107,166,-273,107,big_increase
울릉군,G,233,232,260,164,222,281,233,232,260,164,222,281,117,-49,-68,117,big_increase
울릉군,H,206,164,161,168,141,188,206,164,161,168,141,188,20,-24,4,20,big_increase
울릉군,I,639,645,696,412,535,707,639,645,696,412,535,707,295,-62,-233,295,big_increase
울릉군,J,35,22,21,19,19,20,35,22,21,19,19,20,1,2,-3,1,big_increase
울릉군,K,90,87,69,65,69,73,90,87,69,65,69,73,8,14,-22,8,big_increase
울릉군,L,9,2,5,7,5,8,9,2,5,7,5,8,1,-6,5,1,big_increase
울릉군,M,23,23,16,14,13,31,23,23,16,14,13,31,17,-8,-9,17,big_increase
울릉군,N,148,152,182,149,126,205,148,152,182,149,126,205,56,-53,-3,56,big_increase
울릉군,P,11,12,29,18,17,26,11,12,29,18,17,26,8,-14,6,8,big_increase
울릉군,Q,57,56,73,65,120,121,57,56,73,65,120,121,56,-65,9,56,big_increase
울릉군,R,47,38,39,30,39,42,47,38,39,30,39,42,12,-4,-8,12,big_increase
울릉군,S,120,99,162,257,141,153,120,99,162,257,141,153,-104,-54,158,-104,big_increase
진주시,A,558,587,499,564,635,589,558,587,499,564,635,589,25,-2,-23,25,big_increase
진주시,B,19,0,10,2,8,7,19,0,10,2,8,7,5,-7,2,5,big_increase
진주시,C,13825,13687,13796,13001,13544,13618,13825,13687,13796,13001,13544,13618,617,69,-686,617,small_increase
진주시,D,545,551,609,609,642,625,545,551,609,609,642,625,16,-74,58,16,big_increase
진주시,E,591,600,644,648,655,655,591,600,644,648,655,655,7,-55,48,7,big_increase
진주시,F,10397,10990,11888,8265,9533,10423,10397,10990,11888,8265,9533,10423,2158,567,-2725,2158,small_increase
진주시,G,14320,13837,14473,11133,11807,12193,14320,13837,14473,11133,11807,12193,1060,1644,-2704,1060,small_increase
진주시,H,5048,5071,4855,4008,4060,3917,5048,5071,4855,4008,4060,3917,-91,1154,-1063,-91,big_increase
진주시,I,11436,11375,12197,7785,8618,9810,11436,11375,12197,7785,8618,9810,2025,1565,-3590,2025,small_increase
진주시,J,1178,1040,1202,1312,1171,1498,1178,1040,1202,1312,1171,1498,186,-458,272,186,small_increase
진주시,K,5027,4290,4364,3873,4044,3930,5027,4290,4364,3873,4044,3930,57,360,-417,57,small_increase
진주시,L,4279,4464,5100,4787,5311,4905,4279,4464,5100,4787,5311,4905,118,-441,323,118,small_increase
진주시,M,4746,5246,5734,5623,6771,6547,4746,5246,5734,5623,6771,6547,924,-1301,377,924,small_decrease
진주시,N,3126,3106,3531,2991,3093,3359,3126,3106,3531,2991,3093,3359,368,-253,-115,368,small_increase
진주시,P,5661,5638,5811,4765,4907,4854,5661,5638,5811,4765,4907,4854,89,784,-873,89,small_increase
진주시,Q,13886,15512,16521,17026,18253,19403,13886,15512,16521,17026,18253,19403,2377,-3891,1514,2377,small_increase
진주시,R,1379,1535,1678,1066,1147,1285,1379,1535,1678,1066,1147,1285,219,250,-469,219,big_increase
진주시,S,4023,3997,4286,3430,3573,3538,4023,3997,4286,3430,3573,3538,108,459,-567,108,small_increase
통영시,A,0,2,15,19,128,158,0,2,15,19,128,158,139,-156,17,139,big_increase
통영시,B,16,8,7,0,8,9,16,8,7,0,8,9,9,-1,-8,9,big_increase
통영시,C,5933,3609,3355,3463,3623,4579,5933,3609,3355,3463,3623,4579,1116,-970,-146,1116,small_decrease
통영시,D,295,324,354,332,340,332,295,324,354,332,340,332,0,-8,8,0,big_increase
통영시,E,300,285,297,303,245,409,300,285,297,303,245,409,106,-124,18,106,big_increase
통영시,F,2388,1788,2211,1799,1931,1859,2388,1788,2211,1799,1931,1859,60,-71,11,60,small_increase
통영시,G,4320,4537,4790,3910,4154,4233,4320,4537,4790,3910,4154,4233,323,304,-627,323,small_increase
통영시,H,1254,1227,1298,1115,1299,1196,1254,1227,1298,1115,1299,1196,81,31,-112,81,big_increase
통영시,I,4317,4276,4549,2983,3198,3535,4317,4276,4549,2983,3198,3535,552,741,-1293,552,big_increase
통영시,J,222,223,210,196,200,198,222,223,210,196,200,198,2,25,-27,2,big_increase
통영시,K,2112,1984,1994,1949,2024,1985,2112,1984,1994,1949,2024,1985,36,-1,-35,36,small_increase
통영시,L,832,809,743,765,874,860,832,809,743,765,874,860,95,-51,-44,95,big_increase
통영시,M,585,643,689,683,757,703,585,643,689,683,757,703,20,-60,40,20,big_increase
통영시,N,839,749,1004,733,772,757,839,749,1004,733,772,757,24,-8,-16,24,big_increase
통영시,P,1249,1249,1318,1048,1200,1068,1249,1249,1318,1048,1200,1068,20,181,-201,20,big_increase
통영시,Q,3940,4066,4310,4257,4874,4952,3940,4066,4310,4257,4874,4952,695,-886,191,695,small_decrease
통영시,R,565,626,650,562,567,574,565,626,650,562,567,574,12,52,-64,12,big_increase
통영시,S,1213,1232,1200,1068,1179,1243,1213,1232,1200,1068,1179,1243,175,-11,-164,175,big_increase
사천시,A,203,216,160,192,220,227,203,216,160,192,220,227,35,-11,-24,35,big_increase
사천시,B,18,15,19,19,14,19,18,15,19,19,14,19,0,-4,4,0,big_increase
사천시,C,16362,17126,17593,17246,17160,18052,16362,17126,17593,17246,17160,18052,806,-926,120,806,small_increase
사천시,D,127,136,146,126,117,130,127,136,146,126,117,130,4,6,-10,4,big_increase
사천시,E,256,308,309,323,363,378,256,308,309,323,363,378,55,-70,15,55,big_increase
사천시,F,2897,3335,3142,2856,3556,3520,2897,3335,3142,2856,3556,3520,664,-185,-479,664,small_increase
사천시,G,3751,4016,4491,3606,3707,3634,3751,4016,4491,3606,3707,3634,28,382,-410,28,small_increase
사천시,H,1294,1295,1326,1104,1420,1693,1294,1295,1326,1104,1420,1693,589,-398,-191,589,small_increase
사천시,I,3789,4095,4601,3008,3540,3657,3789,4095,4601,3008,3540,3657,649,438,-1087,649,small_increase
사천시,J,283,248,244,275,339,421,283,248,244,275,339,421,146,-173,27,146,big_increase
사천시,K,1059,1026,1042,932,868,994,1059,1026,1042,932,868,994,62,32,-94,62,big_increase
사천시,L,507,550,568,512,589,615,507,550,568,512,589,615,103,-65,-38,103,big_increase
사천시,M,668,693,628,605,644,660,668,693,628,605,644,660,55,33,-88,55,big_increase
사천시,N,537,680,766,526,552,586,537,680,766,526,552,586,60,94,-154,60,big_increase
사천시,P,1360,1261,1458,1171,1206,1194,1360,1261,1458,1171,1206,1194,23,67,-90,23,big_increase
사천시,Q,4103,4320,4418,4569,5406,5506,4103,4320,4418,4569,5406,5506,937,-1186,249,937,small_decrease
사천시,R,645,796,787,604,612,795,645,796,787,604,612,795,191,1,-192,191,big_increase
사천시,S,1084,1156,1282,1042,1112,1111,1084,1156,1282,1042,1112,1111,69,45,-114,69,big_increase
김해시,A,90,263,305,270,299,201,90,263,305,270,299,201,-69,62,7,-69,big_increase
김해시,B,202,170,194,161,145,146,202,170,194,161,145,146,-15,24,-9,-15,big_increase
김해시,C,89427,88467,88732,82128,84511,86575,89427,88467,88732,82128,84511,86575,4447,1892,-6339,4447,small_increase
김해시,D,269,289,330,317,337,325,269,289,330,317,337,325,8,-36,28,8,big_increase
김해시,E,1432,1698,1813,1889,1997,2229,1432,1698,1813,1889,1997,2229,340,-531,191,340,small_increase
김해시,F,8354,9001,10023,8194,10587,10462,8354,9001,10023,8194,10587,10462,2268,-1461,-807,2268,small_decrease
김해시,G,22533,22475,23854,19153,21286,21791,22533,22475,23854,19153,21286,21791,2638,684,-3322,2638,small_increase
김해시,H,5542,5324,6114,4972,6083,6080,5542,5324,6114,4972,6083,6080,1108,-756,-352,1108,small_decrease
김해시,I,14641,15154,16593,11231,12531,13718,14641,15154,16593,11231,12531,13718,2487,1436,-3923,2487,small_increase
김해시,J,741,756,764,834,997,1058,741,756,764,834,997,1058,224,-302,78,224,small_increase
김해시,K,3822,3761,3947,3874,4337,3982,3822,3761,3947,3874,4337,3982,108,-221,113,108,small_increase
김해시,L,2421,2294,2570,2080,2605,2525,2421,2294,2570,2080,2605,2525,445,-231,-214,445,small_increase
김해시,M,3757,4189,4389,4380,4682,5084,3757,4189,4389,4380,4682,5084,704,-895,191,704,small_decrease
김해시,N,4934,5046,5367,3431,4128,3922,4934,5046,5367,3431,4128,3922,491,1124,-1615,491,big_increase
김해시,P,7199,6989,7299,7097,6766,6830,7199,6989,7299,7097,6766,6830,-267,159,108,-267,small_increase
김해시,Q,15234,16179,16995,20118,21549,22224,15234,16179,16995,20118,21549,22224,2106,-6045,3939,2106,small_increase
김해시,R,3134,3078,3308,2106,2628,2973,3134,3078,3308,2106,2628,2973,867,105,-972,867,small_increase
김해시,S,4547,4838,5004,4306,4084,4169,4547,4838,5004,4306,4084,4169,-137,669,-532,-137,small_increase
밀양시,A,197,154,140,200,254,319,197,154,140,200,254,319,119,-165,46,119,big_increase
밀양시,B,1,1,3,1,10,11,1,1,3,1,10,11,10,-10,0,10,big_increase
밀양시,C,8195,8472,8857,8614,8684,9461,8195,8472,8857,8614,8684,9461,847,-989,142,847,small_increase
밀양시,D,128,133,147,128,124,129,128,133,147,128,124,129,1,4,-5,1,big_increase
밀양시,E,267,294,265,311,386,411,267,294,265,311,386,411,100,-117,17,100,big_increase
밀양시,F,2331,2347,2389,1906,2162,2279,2331,2347,2389,1906,2162,2279,373,68,-441,373,small_increase
밀양시,G,3189,3366,3479,2885,3070,3136,3189,3366,3479,2885,3070,3136,251,230,-481,251,small_increase
밀양시,H,916,1089,1339,921,2944,1293,916,1089,1339,921,2944,1293,372,-204,-168,372,big_increase
밀양시,I,1897,1925,2199,1760,1800,2051,1897,1925,2199,1760,1800,2051,291,-126,-165,291,small_increase
밀양시,J,140,152,147,106,107,124,140,152,147,106,107,124,18,28,-46,18,big_increase
밀양시,K,1056,1023,1004,997,969,885,1056,1023,1004,997,969,885,-112,138,-26,-112,big_increase
밀양시,L,376,373,372,323,349,338,376,373,372,323,349,338,15,35,-50,15,big_increase
밀양시,M,617,586,650,630,756,784,617,586,650,630,756,784,154,-198,44,154,big_increase
밀양시,N,447,568,605,459,379,451,447,568,605,459,379,451,-8,117,-109,-8,big_increase
밀양시,P,824,870,926,846,828,885,824,870,926,846,828,885,39,-15,-24,39,big_increase
밀양시,Q,3602,3750,3805,4087,4899,5213,3602,3750,3805,4087,4899,5213,1126,-1463,337,1126,small_decrease
밀양시,R,280,319,342,360,477,492,280,319,342,360,477,492,132,-173,41,132,big_increase
밀양시,S,1033,1043,1084,908,882,965,1033,1043,1084,908,882,965,57,78,-135,57,big_increase
거제시,A,4,6,21,24,113,79,4,6,21,24,113,79,55,-73,18,55,big_increase
거제시,B,32,21,27,16,27,34,32,21,27,16,27,34,18,-13,-5,18,big_increase
거제시,C,50331,41256,43597,38274,34691,35542,50331,41256,43597,38274,34691,35542,-2732,5714,-2982,-2732,small_increase
거제시,D,66,67,65,65,71,75,66,67,65,65,71,75,10,-8,-2,10,big_increase
거제시,E,595,630,728,672,726,708,595,630,728,672,726,708,36,-78,42,36,big_increase
거제시,F,10742,8979,10590,6821,6231,5760,10742,8979,10590,6821,6231,5760,-1061,3219,-2158,-1061,big_increase
거제시,G,5950,5670,5909,4435,4653,4935,5950,5670,5909,4435,4653,4935,500,735,-1235,500,small_increase
거제시,H,2089,2069,1990,1692,1547,1859,2089,2069,1990,1692,1547,1859,167,210,-377,167,big_increase
거제시,I,8228,8125,8918,5643,5569,6728,8228,8125,8918,5643,5569,6728,1085,1397,-2482,1085,small_increase
거제시,J,263,282,238,194,430,397,263,282,238,194,430,397,203,-115,-88,203,big_increase
거제시,K,2228,2293,2172,2013,2043,2173,2228,2293,2172,2013,2043,2173,160,120,-280,160,small_increase
거제시,L,1550,1725,1657,1434,1638,1690,1550,1725,1657,1434,1638,1690,256,35,-291,256,big_increase
거제시,M,4840,4765,4833,4307,3602,3886,4840,4765,4833,4307,3602,3886,-421,879,-458,-421,small_increase
거제시,N,2633,2810,4034,2896,2694,2979,2633,2810,4034,2896,2694,2979,83,-169,86,83,small_increase
거제시,P,3097,3173,3294,2799,2926,2923,3097,3173,3294,2799,2926,2923,124,250,-374,124,small_increase
거제시,Q,6097,6495,6762,6747,7544,7685,6097,6495,6762,6747,7544,7685,938,-1190,252,938,small_decrease
거제시,R,986,1094,1054,653,810,1002,986,1094,1054,653,810,1002,349,92,-441,349,big_increase
거제시,S,1805,1803,1837,1365,1327,1399,1805,1803,1837,1365,1327,1399,34,404,-438,34,big_increase
양산시,A,89,66,61,57,106,145,89,66,61,57,106,145,88,-79,-9,88,big_increase
양산시,B,87,70,44,25,33,28,87,70,44,25,33,28,3,42,-45,3,big_increase
양산시,C,48684,49256,49407,48106,48496,47852,48684,49256,49407,48106,48496,47852,-254,1404,-1150,-254,small_increase
양산시,D,181,183,182,218,205,217,181,183,182,218,205,217,-1,-34,35,-1,big_increase
양산시,E,850,919,1074,1054,1139,1091,850,919,1074,1054,1139,1091,37,-172,135,37,big_increase
양산시,F,5878,6113,6109,4420,5827,5249,5878,6113,6109,4420,5827,5249,829,864,-1693,829,small_increase
양산시,G,11325,11558,12684,10534,11406,12063,11325,11558,12684,10534,11406,12063,1529,-505,-1024,1529,small_increase
양산시,H,6452,7178,7238,6436,9237,8968,6452,7178,7238,6436,9237,8968,2532,-1790,-742,2532,small_decrease
양산시,I,9571,9668,10475,7833,8344,9489,9571,9668,10475,7833,8344,9489,1656,179,-1835,1656,small_increase
양산시,J,309,290,254,220,253,313,309,290,254,220,253,313,93,-23,-70,93,big_increase
양산시,K,2244,2173,2264,2315,2244,2357,2244,2173,2264,2315,2244,2357,42,-184,142,42,small_increase
양산시,L,1930,1811,1825,1904,2277,2404,1930,1811,1825,1904,2277,2404,500,-593,93,500,small_increase
양산시,M,1737,1851,1986,2058,2493,2671,1737,1851,1986,2058,2493,2671,613,-820,207,613,small_decrease
양산시,N,2976,3353,3127,2296,2869,2628,2976,3353,3127,2296,2869,2628,332,725,-1057,332,big_increase
양산시,P,4278,4467,4578,4252,4361,4645,4278,4467,4578,4252,4361,4645,393,-178,-215,393,small_increase
양산시,Q,11630,13494,14319,14805,17640,17343,11630,13494,14319,14805,17640,17343,2538,-3849,1311,2538,small_decrease
양산시,R,2196,2281,2288,1689,2128,2318,2196,2281,2288,1689,2128,2318,629,-37,-592,629,small_increase
양산시,S,3448,3434,3737,3141,3359,3385,3448,3434,3737,3141,3359,3385,244,49,-293,244,small_increase
창원시,A,245,143,136,154,123,275,245,143,136,154,123,275,121,-132,11,121,big_increase
창원시,B,81,81,84,56,59,60,81,81,84,56,59,60,4,21,-25,4,big_increase
창원시,C,126898,123577,122009,118864,117375,120845,126898,123577,122009,118864,117375,120845,1981,2732,-4713,1981,small_increase
창원시,D,726,692,765,811,813,848,726,692,765,811,813,848,37,-156,119,37,big_increase
창원시,E,1602,1705,1696,1619,1694,1834,1602,1705,1696,1619,1694,1834,215,-129,-86,215,small_increase
창원시,F,25939,23192,22297,19125,18471,19458,25939,23192,22297,19125,18471,19458,333,3734,-4067,333,small_increase
창원시,G,39945,39457,41347,32661,33368,33584,39945,39457,41347,32661,33368,33584,923,5873,-6796,923,small_increase
창원시,H,13931,14187,14340,13079,15623,16120,13931,14187,14340,13079,15623,16120,3041,-1933,-1108,3041,small_decrease
창원시,I,32724,32327,33380,22205,23306,27505,32724,32327,33380,22205,23306,27505,5300,4822,-10122,5300,small_increase
창원시,J,3051,3237,3592,3548,3465,3671,3051,3237,3592,3548,3465,3671,123,-434,311,123,small_increase
창원시,K,15265,13915,14517,13382,13735,13352,15265,13915,14517,13382,13735,13352,-30,563,-533,-30,small_increase
창원시,L,8987,8758,9384,8094,8851,8636,8987,8758,9384,8094,8851,8636,542,122,-664,542,small_increase
창원시,M,11385,11061,12240,13590,12811,14122,11385,11061,12240,13590,12811,14122,532,-3061,2529,532,small_decrease
창원시,N,20952,21544,21728,21401,20130,21319,20952,21544,21728,21401,20130,21319,-82,225,-143,-82,small_increase
창원시,P,15330,15768,16434,14077,13671,14058,15330,15768,16434,14077,13671,14058,-19,1710,-1691,-19,small_increase
창원시,Q,34659,37358,38583,39533,42302,45296,34659,37358,38583,39533,42302,45296,5763,-7938,2175,5763,small_increase
창원시,R,4961,5221,6039,4229,4027,4693,4961,5221,6039,4229,4027,4693,464,528,-992,464,small_increase
창원시,S,11174,11142,11316,9137,9626,10031,11174,11142,11316,9137,9626,10031,894,1111,-2005,894,small_increase
의령군,A,178,124,121,142,185,215,178,124,121,142,185,215,73,-91,18,73,big_increase
의령군,B,46,32,30,33,30,26,46,32,30,33,30,26,-7,6,1,-7,big_increase
의령군,C,1855,1837,1891,1742,1810,1729,1855,1837,1891,1742,1810,1729,-13,108,-95,-13,big_increase
의령군,D,36,45,47,40,44,47,36,45,47,40,44,47,7,-2,-5,7,big_increase
의령군,E,73,73,87,95,109,115,73,73,87,95,109,115,20,-42,22,20,big_increase
의령군,F,631,597,696,811,1266,1052,631,597,696,811,1266,1052,241,-455,214,241,small_increase
의령군,G,395,400,484,387,396,412,395,400,484,387,396,412,25,-12,-13,25,big_increase
의령군,H,103,117,79,65,86,57,103,117,79,65,86,57,-8,60,-52,-8,big_increase
의령군,I,387,365,438,367,327,323,387,365,438,367,327,323,-44,42,2,-44,big_increase
의령군,J,39,34,31,29,38,33,39,34,31,29,38,33,4,1,-5,4,big_increase
의령군,K,212,212,182,215,208,224,212,212,182,215,208,224,9,-12,3,9,big_increase
의령군,L,24,17,28,38,36,32,24,17,28,38,36,32,-6,-15,21,-6,big_increase
의령군,M,70,70,72,107,110,103,70,70,72,107,110,103,-4,-33,37,-4,big_increase
의령군,N,35,71,62,67,44,29,35,71,62,67,44,29,-38,42,-4,-38,big_increase
의령군,P,123,151,155,130,131,121,123,151,155,130,131,121,-9,30,-21,-9,big_increase
의령군,Q,1013,1072,1022,1173,1274,1336,1013,1072,1022,1173,1274,1336,163,-264,101,163,small_increase
의령군,R,73,78,85,171,131,71,73,78,85,171,131,71,-100,7,93,-100,big_increase
의령군,S,195,250,264,253,195,205,195,250,264,253,195,205,-48,45,3,-48,big_increase
함안군,A,168,174,189,196,242,247,168,174,189,196,242,247,51,-73,22,51,big_increase
함안군,B,3,1,6,0,58,49,3,1,6,0,58,49,49,-48,-1,49,big_increase
함안군,C,23059,22915,23148,21637,22020,22656,23059,22915,23148,21637,22020,22656,1019,259,-1278,1019,small_increase
함안군,D,112,106,134,105,132,113,112,106,134,105,132,113,8,-7,-1,8,big_increase
함안군,E,416,442,510,551,603,679,416,442,510,551,603,679,128,-237,109,128,big_increase
함안군,F,1326,1309,1522,1253,1572,1433,1326,1309,1522,1253,1572,1433,180,-124,-56,180,big_increase
함안군,G,2112,2269,2616,2185,2232,2394,2112,2269,2616,2185,2232,2394,209,-125,-84,209,small_increase
함안군,H,812,825,910,711,686,644,812,825,910,711,686,644,-67,181,-114,-67,big_increase
함안군,I,1309,1369,1588,1060,1187,1307,1309,1369,1588,1060,1187,1307,247,62,-309,247,big_increase
함안군,J,42,56,61,42,36,61,42,56,61,42,36,61,19,-5,-14,19,big_increase
함안군,K,369,390,380,364,301,310,369,390,380,364,301,310,-54,80,-26,-54,big_increase
함안군,L,215,232,215,171,216,221,215,232,215,171,216,221,50,11,-61,50,big_increase
함안군,M,264,236,208,281,338,360,264,236,208,281,338,360,79,-124,45,79,big_increase
함안군,N,414,381,640,536,463,480,414,381,640,536,463,480,-56,-99,155,-56,big_increase
함안군,P,654,632,795,616,582,599,654,632,795,616,582,599,-17,33,-16,-17,big_increase
함안군,Q,2495,2597,3030,3574,2730,3356,2495,2597,3030,3574,2730,3356,-218,-759,977,-218,small_decrease
함안군,R,243,245,279,405,313,352,243,245,279,405,313,352,-53,-107,160,-53,big_increase
함안군,S,748,740,814,735,658,677,748,740,814,735,658,677,-58,63,-5,-58,big_increase
창녕군,A,268,308,366,357,377,415,268,308,366,357,377,415,58,-107,49,58,big_increase
창녕군,B,29,20,23,14,6,8,29,20,23,14,6,8,-6,12,-6,-6,big_increase
창녕군,C,8827,8907,9105,8075,8539,8884,8827,8907,9105,8075,8539,8884,809,23,-832,809,small_increase
창녕군,D,58,59,48,42,47,47,58,59,48,42,47,47,5,12,-17,5,big_increase
창녕군,E,156,155,143,157,171,177,156,155,143,157,171,177,20,-22,2,20,big_increase
창녕군,F,1200,1191,1305,1136,1416,1353,1200,1191,1305,1136,1416,1353,217,-162,-55,217,big_increase
창녕군,G,1765,1777,2026,1492,1697,1742,1765,1777,2026,1492,1697,1742,250,35,-285,250,big_increase
창녕군,H,547,543,571,533,507,533,547,543,571,533,507,533,0,10,-10,0,big_increase
창녕군,I,1212,1268,1634,1046,1093,1144,1212,1268,1634,1046,1093,1144,98,124,-222,98,big_increase
창녕군,J,53,54,45,33,27,30,53,54,45,33,27,30,-3,24,-21,-3,big_increase
창녕군,K,452,396,350,336,414,379,452,396,350,336,414,379,43,17,-60,43,big_increase
창녕군,L,136,112,104,59,85,86,136,112,104,59,85,86,27,26,-53,27,big_increase
창녕군,M,300,294,295,297,333,400,300,294,295,297,333,400,103,-106,3,103,big_increase
창녕군,N,339,607,365,413,283,310,339,607,365,413,283,310,-103,297,-194,-103,big_increase
창녕군,P,636,632,711,621,586,591,636,632,711,621,586,591,-30,41,-11,-30,big_increase
창녕군,Q,2069,2286,2389,2773,3068,3121,2069,2286,2389,2773,3068,3121,348,-835,487,348,small_decrease
창녕군,R,396,465,484,234,362,372,396,465,484,234,362,372,138,93,-231,138,big_increase
창녕군,S,526,507,616,526,444,435,526,507,616,526,444,435,-91,72,19,-91,big_increase
고성군,A,142,123,168,155,171,189,142,123,168,155,171,189,34,-66,32,34,big_increase
고성군,B,0,0,1,7,6,7,0,0,1,7,6,7,0,-7,7,0,big_increase
고성군,C,5925,5304,5671,4518,4498,5107,5925,5304,5671,4518,4498,5107,589,197,-786,589,small_increase
고성군,D,606,591,558,510,550,576,606,591,558,510,550,576,66,15,-81,66,big_increase
고성군,E,75,64,55,82,94,104,75,64,55,82,94,104,22,-40,18,22,big_increase
고성군,F,1615,1606,1608,1607,1610,1419,1615,1606,1608,1607,1610,1419,-188,187,1,-188,big_increase
고성군,G,1096,1004,1296,1023,1019,1119,1096,1004,1296,1023,1019,1119,96,-115,19,96,big_increase
고성군,H,450,457,455,436,391,386,450,457,455,436,391,386,-50,71,-21,-50,big_increase
고성군,I,1117,1079,1289,880,830,999,1117,1079,1289,880,830,999,119,80,-199,119,big_increase
고성군,J,59,53,43,48,52,51,59,53,43,48,52,51,3,2,-5,3,big_increase
고성군,K,473,427,411,466,397,416,473,427,411,466,397,416,-50,11,39,-50,big_increase
고성군,L,135,118,102,111,150,157,135,118,102,111,150,157,46,-39,-7,46,big_increase
고성군,M,196,201,197,205,255,237,196,201,197,205,255,237,32,-36,4,32,big_increase
고성군,N,409,337,413,459,841,906,409,337,413,459,841,906,447,-569,122,447,small_increase
고성군,P,277,285,298,267,213,243,277,285,298,267,213,243,-24,42,-18,-24,big_increase
고성군,Q,1536,1412,1700,1814,1909,1975,1536,1412,1700,1814,1909,1975,161,-563,402,161,small_increase
고성군,R,307,201,206,159,155,180,307,201,206,159,155,180,21,21,-42,21,big_increase
고성군,S,462,461,507,491,411,425,462,461,507,491,411,425,-66,36,30,-66,big_increase
남해군,A,162,179,166,225,224,185,162,179,166,225,224,185,-40,-6,46,-40,big_increase
남해군,B,2,3,1,0,0,0,2,3,1,0,0,0,0,3,-3,0,big_increase
남해군,C,846,931,1019,805,830,838,846,931,1019,805,830,838,33,93,-126,33,big_increase
남해군,D,28,31,41,32,33,33,28,31,41,32,33,33,1,-2,1,1,big_increase
남해군,E,100,109,104,123,124,149,100,109,104,123,124,149,26,-40,14,26,big_increase
남해군,F,1052,1182,1264,1095,1146,1252,1052,1182,1264,1095,1146,1252,157,-70,-87,157,big_increase
남해군,G,1066,1081,1169,945,948,970,1066,1081,1169,945,948,970,25,111,-136,25,big_increase
남해군,H,331,293,302,242,219,244,331,293,302,242,219,244,2,49,-51,2,big_increase
남해군,I,1768,1980,2161,1432,1722,2088,1768,1980,2161,1432,1722,2088,656,-108,-548,656,small_increase
남해군,J,66,59,57,57,54,55,66,59,57,57,54,55,-2,4,-2,-2,big_increase
남해군,K,472,471,438,452,437,414,472,471,438,452,437,414,-38,57,-19,-38,big_increase
남해군,L,70,66,79,76,88,142,70,66,79,76,88,142,66,-76,10,66,big_increase
남해군,M,192,185,200,208,211,214,192,185,200,208,211,214,6,-29,23,6,big_increase
남해군,N,188,159,158,156,103,126,188,159,158,156,103,126,-30,33,-3,-30,big_increase
남해군,P,339,399,411,304,324,359,339,399,411,304,324,359,55,40,-95,55,big_increase
남해군,Q,1765,1806,1907,2049,2418,2312,1765,1806,1907,2049,2418,2312,263,-506,243,263,small_increase
남해군,R,194,173,186,167,190,206,194,173,186,167,190,206,39,-33,-6,39,big_increase
남해군,S,469,523,543,409,462,500,469,523,543,409,462,500,91,23,-114,91,big_increase
하동군,A,210,149,194,179,211,210,210,149,194,179,211,210,31,-61,30,31,big_increase
하동군,B,13,3,4,2,0,0,13,3,4,2,0,0,-2,3,-1,-2,big_increase
하동군,C,978,1050,1022,1014,962,995,978,1050,1022,1014,962,995,-19,55,-36,-19,big_increase
하동군,D,677,699,712,724,737,732,677,699,712,724,737,732,8,-33,25,8,big_increase
하동군,E,20,21,43,40,35,34,20,21,43,40,35,34,-6,-13,19,-6,big_increase
하동군,F,994,1145,1315,1109,1142,1371,994,1145,1315,1109,1142,1371,262,-226,-36,262,small_increase
하동군,G,932,905,1023,822,752,831,932,905,1023,822,752,831,9,74,-83,9,big_increase
하동군,H,217,163,255,153,134,138,217,163,255,153,134,138,-15,25,-10,-15,big_increase
하동군,I,719,831,847,769,600,700,719,831,847,769,600,700,-69,131,-62,-69,big_increase
하동군,J,60,41,57,48,45,31,60,41,57,48,45,31,-17,10,7,-17,big_increase
하동군,K,517,485,469,514,423,432,517,485,469,514,423,432,-82,53,29,-82,big_increase
하동군,L,42,30,57,45,49,54,42,30,57,45,49,54,9,-24,15,9,big_increase
하동군,M,213,205,255,208,228,206,213,205,255,208,228,206,-2,-1,3,-2,big_increase
하동군,N,685,705,742,665,866,739,685,705,742,665,866,739,74,-34,-40,74,big_increase
하동군,P,200,202,194,126,132,140,200,202,194,126,132,140,14,62,-76,14,big_increase
하동군,Q,1596,1701,1922,1997,2243,2291,1596,1701,1922,1997,2243,2291,294,-590,296,294,small_increase
하동군,R,123,124,161,146,112,136,123,124,161,146,112,136,-10,-12,22,-10,big_increase
하동군,S,494,488,500,464,388,411,494,488,500,464,388,411,-53,77,-24,-53,big_increase
산청군,A,248,245,242,268,297,340,248,245,242,268,297,340,72,-95,23,72,big_increase
산청군,B,66,59,68,69,63,49,66,59,68,69,63,49,-20,10,10,-20,big_increase
산청군,C,1728,1954,1900,1622,1225,1808,1728,1954,1900,1622,1225,1808,186,146,-332,186,big_increase
산청군,D,99,99,99,100,113,109,99,99,99,100,113,109,9,-10,1,9,big_increase
산청군,E,64,67,83,65,84,80,64,67,83,65,84,80,15,-13,-2,15,big_increase
산청군,F,1026,1052,1072,917,1275,1267,1026,1052,1072,917,1275,1267,350,-215,-135,350,big_increase
산청군,G,750,850,955,827,738,800,750,850,955,827,738,800,-27,50,-23,-27,big_increase
산청군,H,265,251,292,235,350,358,265,251,292,235,350,358,123,-107,-16,123,big_increase
산청군,I,683,746,948,654,593,663,683,746,948,654,593,663,9,83,-92,9,big_increase
산청군,J,48,49,46,43,72,88,48,49,46,43,72,88,45,-39,-6,45,big_increase
산청군,K,269,294,258,272,289,297,269,294,258,272,289,297,25,-3,-22,25,big_increase
산청군,L,45,50,40,56,33,36,45,50,40,56,33,36,-20,14,6,-20,big_increase
산청군,M,114,123,105,122,171,203,114,123,105,122,171,203,81,-80,-1,81,big_increase
산청군,N,111,78,82,65,157,167,111,78,82,65,157,167,102,-89,-13,102,big_increase
산청군,P,246,223,225,200,197,222,246,223,225,200,197,222,22,1,-23,22,big_increase
산청군,Q,1257,1279,1566,1692,1967,1913,1257,1279,1566,1692,1967,1913,221,-634,413,221,small_increase
산청군,R,78,95,195,226,203,212,78,95,195,226,203,212,-14,-117,131,-14,big_increase
산청군,S,362,364,482,572,402,457,362,364,482,572,402,457,-115,-93,208,-115,big_increase
함양군,A,108,106,121,146,183,191,108,106,121,146,183,191,45,-85,40,45,big_increase
함양군,B,47,51,38,31,32,30,47,51,38,31,32,30,-1,21,-20,-1,big_increase
함양군,C,1611,1622,1760,1673,1556,1359,1611,1622,1760,1673,1556,1359,-314,263,51,-314,big_increase
함양군,D,43,42,38,41,34,45,43,42,38,41,34,45,4,-3,-1,4,big_increase
함양군,E,65,62,62,58,67,75,65,62,62,58,67,75,17,-13,-4,17,big_increase
함양군,F,1437,1573,1687,1397,1328,1301,1437,1573,1687,1397,1328,1301,-96,272,-176,-96,big_increase
함양군,G,965,992,980,782,725,745,965,992,980,782,725,745,-37,247,-210,-37,big_increase
함양군,H,344,380,403,334,291,356,344,380,403,334,291,356,22,24,-46,22,big_increase
함양군,I,889,849,808,558,569,663,889,849,808,558,569,663,105,186,-291,105,big_increase
함양군,J,58,54,53,56,51,53,58,54,53,56,51,53,-3,1,2,-3,big_increase
함양군,K,421,406,397,382,339,363,421,406,397,382,339,363,-19,43,-24,-19,big_increase
함양군,L,60,56,59,56,60,46,60,56,59,56,60,46,-10,10,0,-10,big_increase
함양군,M,149,138,158,163,141,171,149,138,158,163,141,171,8,-33,25,8,big_increase
함양군,N,59,35,122,65,59,59,59,35,122,65,59,59,-6,-24,30,-6,big_increase
함양군,P,226,248,282,216,207,220,226,248,282,216,207,220,4,28,-32,4,big_increase
함양군,Q,1287,1366,1480,1620,1493,1850,1287,1366,1480,1620,1493,1850,230,-484,254,230,small_increase
함양군,R,131,178,207,188,135,177,131,178,207,188,135,177,-11,1,10,-11,big_increase
함양군,S,306,301,359,278,186,226,306,301,359,278,186,226,-52,75,-23,-52,big_increase
거창군,A,130,134,122,312,353,316,130,134,122,312,353,316,4,-182,178,4,big_increase
거창군,B,122,131,149,154,133,136,122,131,149,154,133,136,-18,-5,23,-18,big_increase
거창군,C,2480,2390,2303,2315,2315,2294,2480,2390,2303,2315,2315,2294,-21,96,-75,-21,small_increase
거창군,D,45,53,49,51,56,55,45,53,49,51,56,55,4,-2,-2,4,big_increase
거창군,E,114,126,135,139,141,137,114,126,135,139,141,137,-2,-11,13,-2,big_increase
거창군,F,2186,2638,2766,2721,2122,2248,2186,2638,2766,2721,2122,2248,-473,390,83,-473,big_increase
거창군,G,1711,1651,1815,1377,1655,1526,1711,1651,1815,1377,1655,1526,149,125,-274,149,big_increase
거창군,H,569,538,548,471,410,441,569,538,548,471,410,441,-30,97,-67,-30,big_increase
거창군,I,1271,1163,1505,1035,1085,1143,1271,1163,1505,1035,1085,1143,108,20,-128,108,big_increase
거창군,J,89,92,62,66,61,65,89,92,62,66,61,65,-1,27,-26,-1,big_increase
거창군,K,711,702,712,724,622,684,711,702,712,724,622,684,-40,18,22,-40,big_increase
거창군,L,126,138,108,96,186,173,126,138,108,96,186,173,77,-35,-42,77,big_increase
거창군,M,366,365,432,443,429,470,366,365,432,443,429,470,27,-105,78,27,big_increase
거창군,N,166,379,419,425,285,265,166,379,419,425,285,265,-160,114,46,-160,big_increase
거창군,P,778,756,843,683,751,766,778,756,843,683,751,766,83,-10,-73,83,big_increase
거창군,Q,2060,2034,2154,2454,2543,2641,2060,2034,2154,2454,2543,2641,187,-607,420,187,small_increase
거창군,R,230,223,289,227,309,332,230,223,289,227,309,332,105,-109,4,105,big_increase
거창군,S,455,465,477,468,523,418,455,465,477,468,523,418,-50,47,3,-50,big_increase
합천군,A,164,171,212,375,366,420,164,171,212,375,366,420,45,-249,204,45,big_increase
합천군,B,28,28,37,39,41,38,28,28,37,39,41,38,-1,-10,11,-1,big_increase
합천군,C,1090,1077,1152,1022,990,959,1090,1077,1152,1022,990,959,-63,118,-55,-63,big_increase
합천군,D,74,75,58,88,93,94,74,75,58,88,93,94,6,-19,13,6,big_increase
합천군,E,113,140,130,163,208,290,113,140,130,163,208,290,127,-150,23,127,big_increase
합천군,F,1478,1582,1723,3219,1982,1778,1478,1582,1723,3219,1982,1778,-1441,-196,1637,-1441,small_increase
합천군,G,673,696,756,701,701,657,673,696,756,701,701,657,-44,39,5,-44,big_increase
합천군,H,160,143,161,90,127,164,160,143,161,90,127,164,74,-21,-53,74,big_increase
합천군,I,573,644,771,593,510,507,573,644,771,593,510,507,-86,137,-51,-86,big_increase
합천군,J,89,79,58,56,51,62,89,79,58,56,51,62,6,17,-23,6,big_increase
합천군,K,414,445,378,410,511,381,414,445,378,410,511,381,-29,64,-35,-29,big_increase
합천군,L,30,17,20,22,119,98,30,17,20,22,119,98,76,-81,5,76,big_increase
합천군,M,238,213,220,226,289,276,238,213,220,226,289,276,50,-63,13,50,big_increase
합천군,N,113,91,142,194,175,256,113,91,142,194,175,256,62,-165,103,62,big_increase
합천군,P,284,269,265,238,247,277,284,269,265,238,247,277,39,-8,-31,39,big_increase
합천군,Q,1270,1287,1505,1553,1632,1645,1270,1287,1505,1553,1632,1645,92,-358,266,92,small_increase
합천군,R,96,262,344,187,226,227,96,262,344,187,226,227,40,35,-75,40,big_increase
합천군,S,364,379,537,614,703,454,364,379,537,614,703,454,-160,-75,235,-160,big_increase
제주시,A,1078,1084,1205,1437,1486,1479,1078,1084,1205,1437,1486,1479,42,-395,353,42,small_increase
제주시,B,168,147,160,166,163,139,168,147,160,166,163,139,-27,8,19,-27,big_increase
제주시,C,7998,8166,8375,8081,8342,8695,7998,8166,8375,8081,8342,8695,614,-529,-85,614,small_increase
제주시,D,761,802,1027,975,929,909,761,802,1027,975,929,909,-66,-107,173,-66,big_increase
제주시,E,611,635,672,695,826,836,611,635,672,695,826,836,141,-201,60,141,big_increase
제주시,F,18227,17718,16884,16203,17364,17652,18227,17718,16884,16203,17364,17652,1449,66,-1515,1449,small_increase
제주시,G,24406,24722,26342,22056,23572,23718,24406,24722,26342,22056,23572,23718,1662,1004,-2666,1662,small_increase
제주시,H,7975,8165,8444,7855,8034,7868,7975,8165,8444,7855,8034,7868,13,297,-310,13,small_increase
제주시,I,27256,28382,30680,22382,24145,26109,27256,28382,30680,22382,24145,26109,3727,2273,-6000,3727,small_increase
제주시,J,3704,3830,3938,4516,4458,4015,3704,3830,3938,4516,4458,4015,-501,-185,686,-501,small_increase
제주시,K,6054,6161,6255,6796,6615,6529,6054,6161,6255,6796,6615,6529,-267,-368,635,-267,small_increase
제주시,L,2474,2499,2733,2461,2579,2730,2474,2499,2733,2461,2579,2730,269,-231,-38,269,small_increase
제주시,M,5120,5840,6165,6296,7248,6957,5120,5840,6165,6296,7248,6957,661,-1117,456,661,small_decrease
제주시,N,10678,10663,10982,10332,11218,10892,10678,10663,10982,10332,11218,10892,560,-229,-331,560,small_increase
제주시,P,6540,6948,7269,6142,6111,6379,6540,6948,7269,6142,6111,6379,237,569,-806,237,small_increase
제주시,Q,17180,18233,19020,20442,20321,21704,17180,18233,19020,20442,20321,21704,1262,-3471,2209,1262,small_increase
제주시,R,5154,5521,5699,4523,5382,5704,5154,5521,5699,4523,5382,5704,1181,-183,-998,1181,small_increase
제주시,S,6491,6374,7064,5619,6152,6735,6491,6374,7064,5619,6152,6735,1116,-361,-755,1116,small_increase
서귀포시,A,1103,1133,1005,1229,1584,1367,1103,1133,1005,1229,1584,1367,138,-234,96,138,small_increase
서귀포시,B,22,18,17,20,19,24,22,18,17,20,19,24,4,-6,2,4,big_increase
서귀포시,C,2181,2351,2435,2087,2273,2137,2181,2351,2435,2087,2273,2137,50,214,-264,50,big_increase
서귀포시,D,273,306,372,351,286,344,273,306,372,351,286,344,-7,-38,45,-7,big_increase
서귀포시,E,151,165,148,210,265,250,151,165,148,210,265,250,40,-85,45,40,big_increase
서귀포시,F,3314,3419,3059,2320,2925,2919,3314,3419,3059,2320,2925,2919,599,500,-1099,599,big_increase
서귀포시,G,7247,7680,8357,6735,7236,7775,7247,7680,8357,6735,7236,7775,1040,-95,-945,1040,small_increase
서귀포시,H,1411,1365,1199,1087,1187,1073,1411,1365,1199,1087,1187,1073,-14,292,-278,-14,big_increase
서귀포시,I,12999,15253,15943,11549,13178,14777,12999,15253,15943,11549,13178,14777,3228,476,-3704,3228,small_increase
서귀포시,J,131,111,149,136,188,236,131,111,149,136,188,236,100,-125,25,100,big_increase
서귀포시,K,2091,1985,1983,1973,1944,2013,2091,1985,1983,1973,1944,2013,40,-28,-12,40,small_increase
서귀포시,L,1885,1830,1865,1554,1755,890,1885,1830,1865,1554,1755,890,-664,940,-276,-664,big_increase
서귀포시,M,555,559,633,591,555,609,555,559,633,591,555,609,18,-50,32,18,big_increase
서귀포시,N,1082,1254,1525,1271,1519,1677,1082,1254,1525,1271,1519,1677,406,-423,17,406,small_increase
서귀포시,P,1836,2155,2460,2285,2214,2262,1836,2155,2460,2285,2214,2262,-23,-107,130,-23,small_increase
서귀포시,Q,4538,4896,5495,5695,6002,6097,4538,4896,5495,5695,6002,6097,402,-1201,799,402,small_decrease
서귀포시,R,2871,3818,3689,3502,3177,3620,2871,3818,3689,3502,3177,3620,118,198,-316,118,small_increase
서귀포시,S,1555,1858,1918,1714,1774,1741,1555,1858,1918,1714,1774,1741,27,117,-144,27,big_increase
